Wave   ,Sample   ,Dark     ,Reference
230.218,  287.040,  307.050,  285.655
230.311,  311.240,  331.050,  310.855
230.404,  298.040,  359.050,  309.655
230.497,  314.840,  364.050,  307.555
230.591,  319.640,  350.050,  328.355
230.684,  316.540,  341.050,  319.555
230.777,  310.340,  355.050,  317.355
230.870,  307.140,  333.050,  296.255
230.964,  296.040,  324.050,  306.655
231.057,  321.940,  353.050,  326.655
231.150,  323.740,  382.050,  325.655
231.243,  321.040,  379.050,  321.655
231.336,  327.540,  388.050,  322.955
231.430,  300.840,  354.050,  312.155
231.523,  317.840,  358.050,  308.855
231.616,  298.040,  363.050,  298.855
231.709,  330.640,  351.050,  321.455
231.802,  320.340,  322.050,  301.255
231.895,  308.040,  359.050,  295.755
231.988,  317.940,  345.050,  306.755
232.082,  305.340,  357.050,  295.455
232.175,  303.840,  345.050,  300.255
232.268,  308.540,  347.050,  289.755
232.361,  303.440,  353.050,  300.755
232.454,  317.740,  376.050,  312.955
232.547,  328.740,  364.050,  309.255
232.640,  300.740,  342.050,  278.055
232.733,  322.840,  345.050,  305.255
232.826,  288.840,  344.050,  283.155
232.919,  320.040,  404.050,  310.055
233.012,  308.440,  314.050,  293.255
233.105,  305.340,  325.050,  287.855
233.199,  296.540,  348.050,  280.755
233.292,  293.140,  324.050,  292.955
233.385,  269.940,  302.050,  259.855
233.478,  294.640,  355.050,  284.255
233.571,  331.740,  382.050,  322.555
233.664,  317.640,  364.050,  311.655
233.757,  294.140,  318.050,  272.055
233.850,  297.640,  315.050,  279.155
233.943,  297.140,  319.050,  276.655
234.035,  302.440,  341.050,  294.055
234.128,  290.940,  296.050,  272.755
234.221,  303.740,  373.050,  292.855
234.314,  315.740,  357.050,  305.955
234.407,  316.240,  323.050,  308.855
234.500,  293.240,  326.050,  277.255
234.593,  282.940,  292.050,  277.455
234.686,  294.840,  304.050,  284.055
234.779,  304.240,  346.050,  286.055
234.872,  280.640,  323.050,  271.455
234.965,  295.840,  313.050,  274.555
235.058,  274.340,  336.050,  275.155
235.150,  300.240,  334.050,  275.255
235.243,  292.240,  323.050,  282.655
235.336,  307.040,  333.050,  294.055
235.429,  275.940,  316.050,  265.555
235.522,  336.240,  360.050,  323.455
235.615,  269.140,  285.050,  251.955
235.707,  294.840,  289.050,  267.955
235.800,  291.040,  302.050,  276.955
235.893,  298.040,  334.050,  287.155
235.986,  309.640,  324.050,  295.355
236.079,  283.840,  332.050,  278.755
236.171,  281.040,  324.050,  260.755
236.264,  314.140,  345.050,  303.355
236.357,  302.640,  343.050,  285.855
236.450,  323.640,  324.050,  297.255
236.542,  276.640,  332.050,  260.755
236.635,  319.740,  350.050,  300.855
236.728,  293.740,  336.050,  283.155
236.821,  291.340,  347.050,  266.755
236.913,  284.840,  312.050,  272.355
237.006,  281.940,  298.050,  269.455
237.099,  297.240,  317.050,  282.855
237.191,  301.540,  338.050,  286.955
237.284,  269.740,  313.050,  268.455
237.377,  307.240,  354.050,  293.255
237.470,  289.840,  329.050,  272.055
237.562,  277.740,  320.050,  272.755
237.655,  329.240,  359.050,  311.255
237.747,  298.640,  318.050,  284.355
237.840,  316.540,  373.050,  310.055
237.933,  303.240,  348.050,  290.955
238.025,  310.940,  330.050,  310.555
238.118,  293.140,  353.050,  273.755
238.211,  280.540,  293.050,  261.555
238.303,  269.840,  298.050,  259.155
238.396,  260.140,  304.050,  262.855
238.488,  298.540,  347.050,  276.655
238.581,  295.840,  322.050,  276.755
238.673,  282.840,  366.050,  273.155
238.766,  287.640,  335.050,  271.455
238.859,  273.840,  356.050,  274.155
238.951,  285.440,  321.050,  269.255
239.044,  280.340,  337.050,  272.055
239.136,  274.240,  297.050,  256.855
239.229,  287.840,  345.050,  269.555
239.321,  272.740,  292.050,  258.155
239.414,  296.540,  332.050,  281.555
239.506,  294.840,  336.050,  279.455
239.599,  321.140,  370.050,  312.655
239.691,  285.540,  322.050,  281.355
239.784,  296.540,  352.050,  289.055
239.876,  302.540,  322.050,  286.655
239.969,  285.340,  304.050,  278.255
240.061,  275.240,  303.050,  262.955
240.153,  275.540,  331.050,  272.255
240.246,  296.640,  314.050,  281.755
240.338,  324.240,  355.050,  303.155
240.431,  270.340,  302.050,  264.255
240.523,  274.340,  301.050,  259.255
240.615,  303.540,  359.050,  298.355
240.708,  323.040,  341.050,  296.655
240.800,  282.440,  307.050,  281.355
240.893,  273.140,  329.050,  269.555
240.985,  296.540,  324.050,  284.855
241.077,  270.040,  317.050,  268.355
241.170,  306.340,  350.050,  290.455
241.262,  293.140,  323.050,  278.455
241.354,  260.340,  306.050,  247.855
241.447,  289.240,  338.050,  277.055
241.539,  279.140,  318.050,  268.655
241.631,  313.140,  369.050,  315.855
241.724,  271.940,  301.050,  252.755
241.816,  285.840,  303.050,  272.955
241.908,  287.940,  335.050,  276.955
242.000,  270.340,  313.050,  265.255
242.093,  278.240,  320.050,  273.655
242.185,  282.340,  330.050,  275.155
242.277,  273.240,  309.050,  268.255
242.369,  290.140,  343.050,  275.755
242.462,  275.540,  318.050,  274.155
242.554,  283.840,  328.050,  275.655
242.646,  275.640,  299.050,  272.555
242.738,  300.840,  344.050,  303.355
242.830,  265.640,  281.050,  252.055
242.923,  307.540,  361.050,  288.555
243.015,  271.240,  330.050,  252.355
243.107,  266.140,  289.050,  265.355
243.199,  286.140,  300.050,  276.455
243.291,  274.940,  320.050,  266.355
243.383,  252.440,  280.050,  246.655
243.476,  276.240,  295.050,  259.755
243.568,  287.740,  330.050,  280.155
243.660,  269.140,  304.050,  270.755
243.752,  286.240,  304.050,  278.655
243.844,  312.440,  350.050,  287.455
243.936,  287.940,  329.050,  281.455
244.028,  298.140,  355.050,  299.855
244.120,  250.740,  292.050,  241.855
244.212,  293.340,  346.050,  277.555
244.305,  273.440,  315.050,  260.555
244.397,  290.640,  324.050,  285.855
244.489,  299.140,  355.050,  299.555
244.581,  311.540,  350.050,  285.155
244.673,  291.640,  347.050,  270.755
244.765,  286.240,  313.050,  289.155
244.857,  285.740,  330.050,  272.355
244.949,  296.640,  353.050,  280.155
245.041,  258.540,  329.050,  244.555
245.133,  292.440,  307.050,  283.055
245.225,  283.540,  330.050,  271.255
245.317,  293.040,  345.050,  283.155
245.409,  279.240,  326.050,  261.855
245.501,  292.640,  368.050,  279.655
245.593,  284.140,  357.050,  281.155
245.685,  287.440,  355.050,  281.255
245.776,  280.940,  328.050,  281.855
245.868,  272.240,  315.050,  264.655
245.960,  264.140,  314.050,  257.055
246.052,  304.040,  380.050,  304.955
246.144,  290.240,  325.050,  282.155
246.236,  286.340,  332.050,  279.655
246.328,  297.040,  327.050,  276.455
246.420,  281.040,  331.050,  272.555
246.512,  306.140,  346.050,  303.555
246.604,  289.040,  318.050,  269.355
246.695,  274.940,  280.050,  271.455
246.787,  296.440,  325.050,  289.755
246.879,  291.940,  327.050,  284.155
246.971,  304.140,  333.050,  283.355
247.063,  283.440,  287.050,  269.355
247.155,  304.640,  346.050,  286.855
247.246,  289.440,  292.050,  272.255
247.338,  297.840,  319.050,  282.755
247.430,  309.740,  342.050,  291.355
247.522,  311.240,  337.050,  292.355
247.613,  295.840,  319.050,  294.155
247.705,  295.940,  342.050,  275.355
247.797,  307.440,  343.050,  296.755
247.889,  303.640,  325.050,  280.855
247.980,  309.840,  330.050,  276.155
248.072,  315.040,  311.050,  272.255
248.164,  329.740,  329.050,  290.855
248.256,  299.540,  329.050,  262.755
248.347,  310.340,  360.050,  300.655
248.439,  287.940,  341.050,  277.955
248.531,  312.140,  357.050,  290.655
248.622,  312.140,  350.050,  296.855
248.714,  285.440,  300.050,  261.455
248.806,  304.640,  364.050,  291.355
248.897,  304.040,  330.050,  278.755
248.989,  269.940,  306.050,  254.255
249.081,  289.540,  353.050,  277.155
249.172,  291.240,  338.050,  288.655
249.264,  275.040,  298.050,  256.855
249.356,  274.140,  315.050,  264.555
249.447,  287.240,  339.050,  273.455
249.539,  283.140,  306.050,  260.455
249.630,  296.540,  315.050,  284.355
249.722,  321.540,  359.050,  312.555
249.813,  288.940,  325.050,  275.955
249.905,  281.140,  345.050,  281.855
249.997,  296.040,  319.050,  266.555
250.088,  297.140,  315.050,  262.855
250.180,  298.440,  343.050,  269.555
250.271,  303.040,  332.050,  277.955
250.363,  331.440,  352.050,  307.355
250.454,  288.540,  347.050,  269.455
250.546,  304.140,  343.050,  278.655
250.637,  276.340,  297.050,  252.155
250.729,  272.240,  310.050,  257.655
250.820,  302.240,  330.050,  281.455
250.912,  279.240,  327.050,  250.655
251.003,  278.040,  325.050,  271.555
251.095,  297.040,  298.050,  267.155
251.186,  281.740,  327.050,  256.655
251.277,  285.640,  339.050,  272.155
251.369,  291.340,  309.050,  266.155
251.460,  289.140,  322.050,  271.155
251.552,  302.040,  319.050,  268.555
251.643,  291.940,  315.050,  261.355
251.735,  292.240,  311.050,  260.455
251.826,  288.140,  280.050,  254.855
251.917,  315.340,  313.050,  268.655
252.009,  310.040,  315.050,  259.955
252.100,  319.540,  321.050,  264.055
252.191,  329.240,  329.050,  280.655
252.283,  309.140,  288.050,  258.355
252.374,  331.840,  348.050,  263.855
252.465,  367.440,  335.050,  293.055
252.557,  361.040,  316.050,  272.655
252.648,  356.040,  342.050,  257.155
252.739,  402.240,  334.050,  278.955
252.831,  390.840,  334.050,  268.955
252.922,  422.440,  325.050,  271.255
253.013,  461.140,  328.050,  263.055
253.104,  520.140,  319.050,  270.455
253.196,  624.640,  299.050,  261.155
253.287,  772.940,  277.050,  273.555
253.378, 1137.440,  292.050,  269.155
253.469, 3319.540,  326.050,  259.055
253.561,19920.141,  347.050,  261.955
253.652,38124.738,  309.050,  271.755
253.743, 4034.240,  378.050,  270.655
253.834,  515.040,  284.050,  256.455
253.926,  449.140,  329.050,  254.855
254.017,  425.340,  323.050,  282.455
254.108,  409.340,  346.050,  285.355
254.199,  396.440,  307.050,  279.955
254.290,  399.040,  368.050,  298.755
254.381,  378.440,  310.050,  278.555
254.472,  383.540,  333.050,  300.755
254.564,  397.840,  335.050,  306.255
254.655,  367.340,  353.050,  289.655
254.746,  322.140,  322.050,  256.855
254.837,  343.740,  337.050,  281.255
254.928,  329.740,  304.050,  247.655
255.019,  342.040,  325.050,  272.055
255.110,  353.440,  378.050,  287.655
255.201,  339.740,  341.050,  273.455
255.292,  359.140,  362.050,  306.255
255.383,  326.840,  340.050,  262.055
255.474,  314.040,  330.050,  261.455
255.566,  347.740,  321.050,  272.555
255.657,  329.440,  326.050,  293.955
255.748,  297.240,  295.050,  275.555
255.839,  309.240,  336.050,  275.855
255.930,  318.340,  307.050,  281.455
256.021,  315.840,  314.050,  298.755
256.112,  301.040,  325.050,  275.455
256.203,  332.840,  345.050,  307.855
256.294,  309.040,  348.050,  294.855
256.384,  288.440,  287.050,  270.155
256.475,  301.440,  333.050,  290.755
256.566,  291.740,  320.050,  277.855
256.657,  287.840,  304.050,  263.455
256.748,  289.140,  312.050,  269.055
256.839,  279.640,  313.050,  262.955
256.930,  298.140,  334.050,  273.355
257.021,  311.640,  344.050,  296.355
257.112,  317.840,  340.050,  296.755
257.203,  264.740,  318.050,  252.155
257.294,  264.040,  296.050,  250.355
257.385,  296.540,  309.050,  283.155
257.475,  282.840,  336.050,  271.555
257.566,  294.340,  320.050,  284.855
257.657,  275.940,  325.050,  267.055
257.748,  277.940,  310.050,  272.055
257.839,  285.840,  330.050,  273.055
257.930,  286.240,  350.050,  278.855
258.020,  267.140,  330.050,  269.155
258.111,  260.340,  310.050,  250.955
258.202,  295.240,  341.050,  289.955
258.293,  278.540,  345.050,  275.455
258.384,  300.340,  333.050,  296.255
258.474,  294.540,  315.050,  271.855
258.565,  265.640,  283.050,  256.555
258.656,  288.540,  356.050,  280.855
258.747,  275.640,  302.050,  256.055
258.837,  275.240,  350.050,  260.455
258.928,  275.240,  345.050,  268.655
259.019,  273.640,  295.050,  256.055
259.109,  269.140,  334.050,  260.955
259.200,  281.940,  323.050,  283.955
259.291,  268.740,  343.050,  264.155
259.381,  292.240,  326.050,  280.555
259.472,  289.240,  329.050,  282.555
259.563,  302.440,  351.050,  298.055
259.653,  272.140,  303.050,  270.855
259.744,  270.640,  309.050,  263.255
259.835,  300.040,  337.050,  287.755
259.925,  273.640,  332.050,  262.955
260.016,  296.540,  359.050,  282.455
260.107,  265.440,  319.050,  254.655
260.197,  276.940,  344.050,  278.055
260.288,  277.340,  324.050,  267.455
260.378,  263.340,  356.050,  262.255
260.469,  288.640,  333.050,  284.855
260.560,  260.040,  329.050,  272.255
260.650,  270.740,  338.050,  269.355
260.741,  273.840,  310.050,  277.355
260.831,  265.540,  310.050,  269.655
260.922,  254.640,  354.050,  266.355
261.012,  266.140,  346.050,  265.355
261.103,  303.440,  351.050,  306.255
261.193,  302.040,  369.050,  298.455
261.284,  259.840,  311.050,  276.055
261.374,  285.640,  351.050,  288.755
261.465,  282.840,  345.050,  280.755
261.555,  272.640,  343.050,  274.455
261.646,  286.040,  326.050,  285.855
261.736,  294.740,  363.050,  290.055
261.827,  286.940,  341.050,  282.855
261.917,  306.840,  344.050,  303.055
262.007,  278.040,  345.050,  288.155
262.098,  275.340,  305.050,  286.855
262.188,  331.240,  351.050,  331.655
262.279,  295.340,  340.050,  289.155
262.369,  276.040,  332.050,  274.355
262.459,  287.240,  314.050,  277.955
262.550,  300.240,  322.050,  297.555
262.640,  265.340,  297.050,  262.255
262.731,  292.340,  340.050,  296.855
262.821,  312.240,  364.050,  301.555
262.911,  292.640,  343.050,  279.755
263.002,  281.640,  331.050,  277.355
263.092,  307.840,  354.050,  297.355
263.182,  276.340,  316.050,  279.055
263.273,  282.640,  338.050,  275.455
263.363,  292.940,  359.050,  289.455
263.453,  263.940,  303.050,  255.255
263.543,  287.740,  319.050,  279.955
263.634,  256.140,  298.050,  253.055
263.724,  288.640,  313.050,  279.455
263.814,  299.640,  341.050,  301.155
263.904,  278.140,  305.050,  275.155
263.995,  315.040,  377.050,  311.055
264.085,  290.140,  335.050,  281.955
264.175,  287.140,  368.050,  282.555
264.265,  311.240,  330.050,  316.555
264.356,  270.640,  322.050,  261.055
264.446,  313.340,  346.050,  304.255
264.536,  281.840,  345.050,  288.355
264.626,  311.040,  354.050,  313.855
264.716,  303.040,  349.050,  298.055
264.806,  306.540,  345.050,  304.355
264.897,  258.640,  325.050,  246.055
264.987,  303.040,  348.050,  293.655
265.077,  304.340,  317.050,  279.555
265.167,  388.640,  352.050,  294.055
265.257,  334.540,  354.050,  269.455
265.347,  327.840,  338.050,  287.055
265.437,  319.740,  348.050,  289.955
265.527,  302.840,  334.050,  286.455
265.617,  278.540,  322.050,  265.355
265.708,  301.640,  361.050,  308.755
265.798,  295.440,  353.050,  298.555
265.888,  296.140,  332.050,  284.255
265.978,  287.140,  343.050,  287.955
266.068,  302.040,  373.050,  295.955
266.158,  288.940,  318.050,  289.555
266.248,  263.340,  320.050,  263.055
266.338,  305.640,  346.050,  312.655
266.428,  295.540,  361.050,  285.655
266.518,  303.940,  352.050,  303.755
266.608,  286.340,  307.050,  283.755
266.698,  270.440,  332.050,  265.955
266.788,  267.040,  327.050,  266.555
266.878,  320.740,  372.050,  316.555
266.968,  293.740,  346.050,  303.155
267.058,  293.340,  363.050,  294.155
267.147,  303.340,  354.050,  287.155
267.237,  288.440,  317.050,  281.955
267.327,  286.040,  312.050,  278.655
267.417,  288.240,  343.050,  288.455
267.507,  281.640,  335.050,  280.355
267.597,  271.440,  355.050,  265.055
267.687,  277.440,  314.050,  276.755
267.777,  284.140,  320.050,  272.455
267.867,  308.940,  345.050,  307.255
267.956,  292.640,  365.050,  304.155
268.046,  291.140,  363.050,  293.355
268.136,  288.940,  321.050,  288.855
268.226,  274.740,  324.050,  261.255
268.316,  274.740,  336.050,  280.055
268.406,  280.740,  340.050,  288.655
268.495,  275.140,  335.050,  277.255
268.585,  297.040,  358.050,  300.055
268.675,  276.840,  322.050,  273.855
268.765,  288.040,  348.050,  290.555
268.854,  290.940,  332.050,  270.155
268.944,  284.840,  337.050,  280.555
269.034,  285.440,  311.050,  272.155
269.124,  284.740,  309.050,  275.555
269.213,  277.840,  324.050,  290.355
269.303,  274.840,  336.050,  283.855
269.393,  304.040,  354.050,  298.255
269.483,  301.740,  337.050,  286.755
269.572,  279.140,  312.050,  274.355
269.662,  279.940,  310.050,  276.655
269.752,  310.640,  332.050,  303.455
269.841,  272.040,  297.050,  254.755
269.931,  275.140,  320.050,  271.155
270.021,  293.740,  360.050,  302.455
270.110,  283.340,  331.050,  274.555
270.200,  294.440,  326.050,  285.455
270.289,  265.940,  320.050,  271.455
270.379,  303.740,  358.050,  294.555
270.469,  281.740,  348.050,  282.355
270.558,  292.840,  341.050,  292.155
270.648,  274.040,  317.050,  278.755
270.737,  295.240,  340.050,  279.055
270.827,  305.840,  361.050,  306.255
270.916,  281.740,  320.050,  283.855
271.006,  289.540,  340.050,  284.155
271.096,  316.340,  358.050,  308.555
271.185,  286.940,  330.050,  280.155
271.275,  295.740,  360.050,  301.255
271.364,  287.840,  328.050,  278.855
271.454,  304.440,  362.050,  298.755
271.543,  290.440,  367.050,  294.055
271.633,  292.640,  331.050,  275.555
271.722,  295.840,  354.050,  280.655
271.812,  272.640,  342.050,  273.955
271.901,  284.140,  321.050,  286.255
271.990,  283.240,  355.050,  282.955
272.080,  276.640,  313.050,  288.555
272.169,  288.040,  345.050,  292.255
272.259,  287.740,  339.050,  283.555
272.348,  298.340,  322.050,  289.955
272.438,  285.040,  337.050,  289.655
272.527,  301.640,  326.050,  294.455
272.616,  304.240,  336.050,  300.955
272.706,  325.240,  379.050,  320.655
272.795,  309.940,  371.050,  306.455
272.884,  288.640,  330.050,  290.655
272.974,  316.640,  347.050,  327.255
273.063,  325.240,  368.050,  332.255
273.152,  299.540,  345.050,  296.255
273.242,  311.140,  359.050,  314.855
273.331,  310.440,  361.050,  313.055
273.420,  290.840,  335.050,  295.955
273.510,  305.240,  360.050,  292.355
273.599,  296.140,  360.050,  299.855
273.688,  298.540,  327.050,  292.455
273.778,  278.540,  338.050,  275.455
273.867,  321.640,  361.050,  311.855
273.956,  284.940,  378.050,  299.455
274.045,  256.540,  340.050,  263.155
274.135,  297.640,  335.050,  301.355
274.224,  284.240,  359.050,  279.355
274.313,  297.640,  336.050,  287.555
274.402,  276.140,  315.050,  269.755
274.491,  306.240,  366.050,  298.255
274.581,  298.440,  329.050,  297.355
274.670,  278.940,  333.050,  286.555
274.759,  286.440,  338.050,  288.155
274.848,  269.340,  301.050,  273.855
274.937,  278.940,  331.050,  276.355
275.026,  280.840,  332.050,  265.955
275.116,  309.840,  348.050,  303.355
275.205,  290.440,  307.050,  253.955
275.294,  328.340,  350.050,  296.355
275.383,  294.640,  317.050,  293.855
275.472,  279.840,  340.050,  268.655
275.561,  283.840,  358.050,  282.755
275.650,  299.040,  339.050,  293.255
275.739,  284.640,  317.050,  283.255
275.828,  273.240,  306.050,  267.755
275.917,  303.940,  362.050,  302.355
276.006,  299.340,  329.050,  286.255
276.095,  288.740,  333.050,  291.455
276.184,  312.040,  338.050,  301.455
276.273,  295.040,  359.050,  295.755
276.362,  271.840,  291.050,  271.355
276.451,  280.540,  354.050,  290.455
276.540,  285.540,  346.050,  284.955
276.629,  278.340,  325.050,  275.555
276.718,  267.540,  307.050,  260.055
276.807,  272.240,  311.050,  267.255
276.896,  280.340,  329.050,  273.355
276.985,  280.140,  341.050,  279.755
277.074,  296.840,  342.050,  281.855
277.163,  287.240,  327.050,  288.155
277.252,  272.840,  329.050,  265.755
277.341,  270.340,  338.050,  280.255
277.430,  272.740,  324.050,  267.455
277.519,  290.040,  339.050,  291.555
277.608,  262.540,  293.050,  252.155
277.696,  267.940,  322.050,  260.955
277.785,  285.140,  355.050,  270.755
277.874,  292.840,  366.050,  291.855
277.963,  282.240,  323.050,  271.955
278.052,  254.640,  308.050,  255.455
278.141,  279.840,  303.050,  278.455
278.229,  285.440,  333.050,  272.655
278.318,  264.240,  309.050,  258.455
278.407,  274.440,  331.050,  274.155
278.496,  283.840,  326.050,  282.955
278.585,  293.040,  349.050,  289.755
278.673,  253.340,  298.050,  250.955
278.762,  274.640,  298.050,  255.855
278.851,  287.340,  307.050,  275.355
278.940,  304.540,  369.050,  291.855
279.028,  295.740,  338.050,  289.955
279.117,  282.040,  317.050,  278.155
279.206,  272.440,  335.050,  265.555
279.294,  277.040,  323.050,  273.955
279.383,  288.640,  316.050,  270.455
279.472,  300.140,  345.050,  293.555
279.561,  271.740,  320.050,  278.055
279.649,  310.740,  345.050,  296.655
279.738,  244.040,  283.050,  244.955
279.827,  298.040,  364.050,  304.855
279.915,  271.040,  318.050,  269.155
280.004,  282.040,  340.050,  279.455
280.092,  297.540,  358.050,  290.755
280.181,  282.340,  329.050,  276.455
280.270,  304.940,  342.050,  272.355
280.358,  305.940,  335.050,  283.855
280.447,  262.140,  324.050,  257.855
280.535,  281.140,  339.050,  264.255
280.624,  274.440,  342.050,  257.355
280.713,  280.140,  311.050,  267.655
280.801,  294.440,  345.050,  286.155
280.890,  293.140,  348.050,  285.255
280.978,  284.040,  347.050,  268.255
281.067,  246.840,  289.050,  241.155
281.155,  286.240,  321.050,  267.655
281.244,  316.440,  354.050,  310.955
281.332,  294.940,  350.050,  277.055
281.421,  268.040,  325.050,  257.155
281.509,  280.640,  328.050,  269.255
281.598,  252.840,  338.050,  251.755
281.686,  292.640,  337.050,  288.155
281.775,  286.640,  307.050,  273.355
281.863,  270.840,  344.050,  258.255
281.951,  274.140,  324.050,  256.255
282.040,  316.440,  365.050,  294.655
282.128,  289.840,  320.050,  286.255
282.217,  277.640,  301.050,  248.055
282.305,  296.940,  306.050,  283.055
282.393,  291.540,  318.050,  281.755
282.482,  293.340,  334.050,  271.055
282.570,  283.240,  314.050,  262.655
282.658,  278.140,  320.050,  264.755
282.747,  277.440,  293.050,  254.655
282.835,  313.840,  349.050,  304.055
282.923,  269.440,  315.050,  249.155
283.012,  288.940,  327.050,  276.755
283.100,  267.240,  294.050,  253.755
283.188,  267.340,  310.050,  259.855
283.277,  279.640,  300.050,  258.855
283.365,  270.740,  319.050,  262.255
283.453,  254.540,  297.050,  254.655
283.542,  290.640,  347.050,  276.455
283.630,  278.740,  331.050,  269.955
283.718,  264.740,  328.050,  263.855
283.806,  249.540,  265.050,  231.855
283.894,  264.840,  362.050,  262.455
283.983,  274.740,  321.050,  267.455
284.071,  273.740,  323.050,  279.355
284.159,  307.840,  342.050,  298.955
284.247,  290.640,  332.050,  285.555
284.335,  273.640,  333.050,  283.255
284.424,  274.640,  312.050,  267.755
284.512,  287.040,  327.050,  267.155
284.600,  268.940,  293.050,  272.355
284.688,  313.440,  368.050,  303.755
284.776,  280.940,  304.050,  277.555
284.864,  307.440,  340.050,  297.155
284.952,  282.840,  313.050,  280.055
285.041,  293.140,  300.050,  288.655
285.129,  302.040,  326.050,  293.655
285.217,  289.040,  336.050,  289.655
285.305,  312.240,  390.050,  312.855
285.393,  274.140,  360.050,  269.755
285.481,  282.540,  356.050,  289.155
285.569,  273.140,  315.050,  279.455
285.657,  285.740,  330.050,  283.355
285.745,  284.640,  337.050,  281.355
285.833,  277.840,  322.050,  273.255
285.921,  294.940,  358.050,  290.355
286.009,  296.540,  345.050,  280.455
286.097,  294.740,  315.050,  292.255
286.185,  282.240,  338.050,  277.055
286.273,  276.240,  317.050,  267.855
286.361,  298.340,  345.050,  298.755
286.449,  287.740,  348.050,  286.555
286.537,  298.840,  323.050,  293.455
286.625,  287.740,  311.050,  281.755
286.713,  276.640,  336.050,  267.755
286.801,  309.440,  350.050,  291.355
286.889,  312.740,  366.050,  309.455
286.976,  285.740,  331.050,  283.855
287.064,  306.540,  341.050,  299.855
287.152,  299.940,  362.050,  302.955
287.240,  306.440,  365.050,  296.555
287.328,  283.640,  341.050,  283.255
287.416,  287.640,  327.050,  280.855
287.504,  281.840,  322.050,  286.155
287.591,  285.140,  325.050,  289.355
287.679,  279.640,  314.050,  271.555
287.767,  285.440,  314.050,  286.555
287.855,  287.540,  331.050,  288.355
287.943,  302.440,  363.050,  300.055
288.030,  279.640,  322.050,  278.555
288.118,  310.040,  379.050,  307.255
288.206,  265.240,  315.050,  271.955
288.294,  293.740,  337.050,  289.855
288.382,  299.640,  357.050,  289.655
288.469,  299.740,  365.050,  297.755
288.557,  283.140,  301.050,  283.355
288.645,  320.240,  339.050,  313.355
288.732,  271.740,  326.050,  262.855
288.820,  301.140,  370.050,  310.055
288.908,  300.640,  352.050,  293.655
288.995,  293.640,  368.050,  304.255
289.083,  279.740,  331.050,  281.655
289.171,  322.640,  381.050,  314.255
289.258,  362.840,  379.050,  302.955
289.346,  421.040,  338.050,  314.655
289.434,  305.940,  360.050,  298.555
289.521,  286.640,  359.050,  263.855
289.609,  311.740,  350.050,  311.855
289.697,  305.540,  363.050,  300.955
289.784,  290.940,  329.050,  290.555
289.872,  306.940,  366.050,  299.055
289.959,  279.340,  315.050,  266.355
290.047,  298.840,  375.050,  290.855
290.134,  268.940,  311.050,  254.455
290.222,  292.440,  352.050,  298.655
290.310,  298.740,  337.050,  297.755
290.397,  326.240,  381.050,  320.155
290.485,  292.340,  339.050,  275.655
290.572,  301.340,  357.050,  310.255
290.660,  291.940,  352.050,  297.255
290.747,  291.340,  324.050,  282.655
290.835,  284.940,  352.050,  300.455
290.922,  305.240,  361.050,  290.155
291.009,  290.740,  322.050,  286.355
291.097,  277.140,  342.050,  295.555
291.184,  329.940,  328.050,  318.055
291.272,  278.840,  322.050,  277.955
291.359,  275.440,  346.050,  264.255
291.447,  299.140,  355.050,  302.255
291.534,  313.840,  371.050,  312.355
291.621,  292.140,  340.050,  288.755
291.709,  279.440,  317.050,  271.855
291.796,  318.940,  359.050,  309.755
291.884,  286.740,  351.050,  284.555
291.971,  316.240,  365.050,  302.255
292.058,  269.740,  318.050,  276.155
292.146,  293.040,  336.050,  287.255
292.233,  274.440,  345.050,  274.855
292.320,  289.640,  329.050,  281.055
292.408,  301.440,  352.050,  300.955
292.495,  294.140,  343.050,  286.655
292.582,  281.240,  322.050,  279.255
292.669,  269.140,  344.050,  279.955
292.757,  277.540,  338.050,  279.555
292.844,  309.640,  338.050,  309.655
292.931,  271.740,  349.050,  275.855
293.018,  283.540,  357.050,  285.455
293.106,  300.240,  322.050,  288.655
293.193,  268.440,  339.050,  263.355
293.280,  294.840,  359.050,  288.255
293.367,  291.540,  332.050,  285.355
293.455,  292.740,  322.050,  299.955
293.542,  277.840,  325.050,  268.655
293.629,  270.240,  313.050,  267.155
293.716,  289.240,  363.050,  294.155
293.803,  283.340,  328.050,  275.555
293.890,  305.340,  339.050,  299.555
293.978,  281.940,  326.050,  271.755
294.065,  270.040,  328.050,  274.455
294.152,  299.740,  351.050,  299.755
294.239,  268.840,  308.050,  271.455
294.326,  286.340,  319.050,  289.255
294.413,  271.440,  301.050,  258.355
294.500,  285.940,  348.050,  287.755
294.587,  276.840,  331.050,  275.755
294.674,  303.940,  354.050,  293.655
294.761,  278.540,  287.050,  277.355
294.848,  285.340,  342.050,  280.055
294.935,  293.340,  360.050,  279.055
295.022,  263.940,  307.050,  264.355
295.109,  259.040,  305.050,  249.855
295.196,  285.840,  341.050,  287.955
295.283,  271.640,  313.050,  270.055
295.370,  296.240,  338.050,  297.755
295.457,  288.340,  349.050,  287.755
295.544,  278.240,  330.050,  275.955
295.631,  282.840,  342.050,  288.355
295.718,  267.640,  302.050,  262.455
295.805,  295.440,  341.050,  286.755
295.892,  299.040,  338.050,  285.355
295.979,  287.640,  319.050,  287.255
296.066,  290.540,  307.050,  288.955
296.153,  302.440,  341.050,  293.855
296.240,  299.240,  336.050,  279.555
296.327,  281.640,  329.050,  274.955
296.413,  305.640,  319.050,  296.455
296.500,  324.240,  343.050,  295.055
296.587,  510.840,  328.050,  277.055
296.674, 1754.540,  340.050,  287.155
296.761,  732.840,  366.050,  290.055
296.848,  295.340,  317.050,  278.555
296.934,  298.340,  343.050,  286.955
297.021,  288.440,  304.050,  285.555
297.108,  277.640,  342.050,  264.655
297.195,  285.840,  321.050,  284.055
297.282,  277.940,  348.050,  273.655
297.368,  308.840,  347.050,  303.155
297.455,  271.740,  316.050,  261.055
297.542,  296.340,  379.050,  302.155
297.629,  300.440,  340.050,  289.055
297.715,  299.940,  340.050,  296.955
297.802,  293.940,  347.050,  289.155
297.889,  309.940,  362.050,  303.355
297.975,  312.840,  329.050,  309.555
298.062,  303.940,  360.050,  299.055
298.149,  263.340,  296.050,  269.455
298.235,  287.640,  345.050,  283.155
298.322,  293.140,  337.050,  293.355
298.409,  302.340,  364.050,  296.255
298.495,  280.940,  314.050,  274.055
298.582,  299.240,  344.050,  295.255
298.669,  289.740,  358.050,  284.755
298.755,  284.440,  362.050,  273.655
298.842,  298.940,  336.050,  285.555
298.928,  299.940,  345.050,  287.055
299.015,  296.040,  336.050,  292.855
299.102,  307.840,  361.050,  305.455
299.188,  313.440,  363.050,  310.855
299.275,  298.340,  370.050,  302.655
299.361,  268.240,  282.050,  272.155
299.448,  304.140,  352.050,  294.455
299.534,  299.340,  356.050,  301.455
299.621,  295.540,  359.050,  298.255
299.707,  290.740,  363.050,  297.355
299.794,  316.840,  361.050,  310.455
299.880,  311.240,  362.050,  306.955
299.967,  294.140,  348.050,  288.255
300.053,  294.940,  353.050,  291.655
300.140,  319.540,  363.050,  306.355
300.226,  302.140,  334.050,  306.055
300.312,  309.140,  355.050,  297.155
300.399,  308.240,  332.050,  298.455
300.485,  293.640,  354.050,  282.255
300.572,  269.740,  337.050,  263.455
300.658,  288.640,  339.050,  283.755
300.744,  299.240,  359.050,  296.055
300.831,  299.940,  348.050,  305.855
300.917,  310.940,  349.050,  310.955
301.004,  302.840,  378.050,  309.255
301.090,  270.840,  329.050,  269.555
301.176,  272.440,  341.050,  264.355
301.263,  314.340,  356.050,  306.455
301.349,  276.440,  340.050,  277.155
301.435,  274.540,  313.050,  280.555
301.521,  310.840,  362.050,  306.655
301.608,  308.140,  372.050,  311.255
301.694,  294.240,  346.050,  282.355
301.780,  300.640,  330.050,  284.255
301.867,  279.340,  304.050,  282.255
301.953,  301.440,  359.050,  280.755
302.039,  410.840,  342.050,  298.555
302.125,  595.940,  345.050,  284.155
302.211,  356.940,  385.050,  318.055
302.298,  342.440,  332.050,  299.655
302.384,  293.840,  359.050,  278.155
302.470,  295.740,  309.050,  282.655
302.556,  296.940,  352.050,  295.655
302.642,  281.540,  334.050,  288.555
302.729,  292.140,  338.050,  283.355
302.815,  311.040,  357.050,  300.355
302.901,  287.940,  334.050,  286.555
302.987,  295.840,  342.050,  292.655
303.073,  287.840,  367.050,  303.355
303.159,  283.440,  341.050,  291.955
303.245,  283.940,  326.050,  275.755
303.331,  279.240,  315.050,  283.955
303.417,  284.040,  345.050,  287.755
303.503,  296.240,  331.050,  302.255
303.590,  277.440,  292.050,  276.755
303.676,  292.540,  343.050,  290.555
303.762,  282.940,  343.050,  280.955
303.848,  299.940,  358.050,  300.955
303.934,  307.140,  323.050,  308.455
304.020,  294.740,  346.050,  301.055
304.106,  307.040,  377.050,  308.855
304.192,  294.540,  349.050,  291.055
304.278,  294.640,  357.050,  291.155
304.364,  311.140,  363.050,  316.155
304.450,  303.640,  359.050,  297.155
304.535,  295.240,  374.050,  297.555
304.621,  296.540,  356.050,  294.655
304.707,  298.040,  366.050,  300.855
304.793,  301.540,  371.050,  309.955
304.879,  294.440,  355.050,  303.855
304.965,  302.140,  353.050,  302.755
305.051,  293.840,  360.050,  308.755
305.137,  310.640,  395.050,  303.855
305.223,  286.340,  339.050,  280.155
305.309,  307.340,  363.050,  304.755
305.394,  302.840,  358.050,  313.455
305.480,  287.140,  352.050,  292.155
305.566,  300.240,  365.050,  299.555
305.652,  301.240,  375.050,  302.055
305.738,  348.040,  393.050,  346.955
305.824,  303.940,  379.050,  308.055
305.909,  317.340,  370.050,  316.055
305.995,  279.040,  332.050,  277.255
306.081,  339.540,  397.050,  343.355
306.167,  302.240,  328.050,  303.055
306.252,  320.240,  345.050,  324.055
306.338,  325.640,  393.050,  329.855
306.424,  297.940,  336.050,  303.355
306.510,  318.140,  360.050,  298.455
306.595,  314.140,  354.050,  317.455
306.681,  311.840,  322.050,  307.555
306.767,  296.240,  328.050,  295.355
306.852,  322.840,  380.050,  317.255
306.938,  314.640,  384.050,  317.955
307.024,  295.340,  343.050,  287.355
307.109,  325.140,  373.050,  330.155
307.195,  304.040,  344.050,  305.755
307.281,  320.740,  350.050,  308.155
307.366,  308.340,  348.050,  303.355
307.452,  308.840,  373.050,  300.155
307.537,  283.140,  322.050,  283.755
307.623,  282.840,  346.050,  284.155
307.709,  307.440,  345.050,  299.055
307.794,  273.840,  346.050,  290.755
307.880,  316.140,  354.050,  323.655
307.965,  298.740,  353.050,  299.055
308.051,  283.840,  369.050,  286.955
308.136,  281.140,  326.050,  300.355
308.222,  294.840,  355.050,  294.655
308.307,  288.440,  351.050,  296.255
308.393,  291.440,  354.050,  291.555
308.478,  304.240,  372.050,  307.355
308.564,  277.440,  329.050,  281.155
308.649,  292.440,  363.050,  291.855
308.735,  294.440,  353.050,  291.555
308.820,  310.540,  357.050,  311.155
308.906,  294.040,  352.050,  291.755
308.991,  320.240,  406.050,  337.055
309.076,  307.540,  347.050,  305.355
309.162,  280.140,  342.050,  278.955
309.247,  293.940,  350.050,  302.755
309.333,  282.940,  330.050,  282.755
309.418,  289.540,  363.050,  293.955
309.503,  283.240,  345.050,  291.955
309.589,  301.740,  363.050,  291.655
309.674,  283.640,  335.050,  275.355
309.759,  292.040,  339.050,  285.255
309.845,  310.640,  343.050,  295.955
309.930,  296.140,  352.050,  299.555
310.015,  268.140,  323.050,  275.255
310.101,  304.240,  357.050,  314.155
310.186,  277.340,  333.050,  281.255
310.271,  293.240,  359.050,  292.555
310.357,  282.940,  344.050,  284.055
310.442,  301.740,  349.050,  292.255
310.527,  296.140,  366.050,  281.655
310.612,  271.540,  326.050,  268.755
310.698,  312.240,  339.050,  309.555
310.783,  287.140,  368.050,  298.455
310.868,  291.940,  332.050,  286.855
310.953,  276.140,  305.050,  279.555
311.038,  316.040,  353.050,  299.555
311.124,  277.640,  335.050,  288.455
311.209,  271.940,  314.050,  269.155
311.294,  314.940,  374.050,  303.955
311.379,  265.840,  332.050,  263.555
311.464,  300.740,  338.050,  302.255
311.549,  274.640,  343.050,  277.555
311.634,  279.340,  309.050,  274.455
311.719,  316.440,  355.050,  310.055
311.805,  289.240,  352.050,  280.355
311.890,  290.640,  331.050,  278.355
311.975,  287.940,  341.050,  276.355
312.060,  298.940,  326.050,  293.655
312.145,  281.240,  311.050,  259.455
312.230,  304.440,  342.050,  285.655
312.315,  324.740,  363.050,  287.955
312.400,  391.240,  346.050,  299.255
312.485, 1726.540,  341.050,  295.455
312.570, 1256.640,  305.050,  274.655
312.655,  339.540,  357.050,  301.355
312.740,  315.740,  361.050,  299.855
312.825,  335.640,  357.050,  300.755
312.910,  341.640,  358.050,  294.255
312.995,  424.640,  376.050,  282.755
313.080, 2147.140,  344.050,  265.355
313.165, 2257.840,  348.050,  301.355
313.250,  357.940,  348.050,  281.255
313.335,  321.540,  387.050,  300.255
313.419,  270.640,  302.050,  257.955
313.504,  314.640,  346.050,  310.455
313.589,  297.240,  358.050,  295.155
313.674,  307.140,  356.050,  299.955
313.759,  273.640,  317.050,  277.255
313.844,  300.440,  353.050,  288.455
313.929,  292.640,  361.050,  286.255
314.014,  310.940,  343.050,  303.655
314.098,  299.840,  332.050,  292.455
314.183,  257.740,  302.050,  260.855
314.268,  283.940,  314.050,  276.955
314.353,  307.440,  352.050,  295.755
314.438,  297.840,  365.050,  304.255
314.522,  309.040,  336.050,  291.855
314.607,  306.740,  351.050,  286.955
314.692,  295.940,  371.050,  283.855
314.777,  280.840,  320.050,  282.455
314.861,  266.640,  302.050,  270.655
314.946,  309.840,  350.050,  301.555
315.031,  288.940,  353.050,  283.455
315.115,  300.240,  339.050,  292.855
315.200,  310.540,  376.050,  304.655
315.285,  280.940,  365.050,  281.355
315.369,  276.640,  333.050,  275.155
315.454,  307.440,  318.050,  302.855
315.539,  300.640,  389.050,  294.755
315.623,  306.540,  348.050,  301.755
315.708,  330.540,  400.050,  323.855
315.793,  292.840,  342.050,  285.255
315.877,  296.040,  341.050,  295.355
315.962,  284.140,  334.050,  279.955
316.046,  313.440,  348.050,  312.155
316.131,  331.340,  378.050,  328.455
316.216,  299.940,  339.050,  301.655
316.300,  290.040,  344.050,  301.355
316.385,  312.440,  349.050,  302.855
316.469,  308.240,  364.050,  319.155
316.554,  271.240,  349.050,  282.755
316.638,  293.340,  375.050,  290.355
316.723,  277.240,  338.050,  293.855
316.807,  286.440,  378.050,  285.655
316.892,  275.440,  354.050,  281.755
316.976,  307.740,  374.050,  308.755
317.061,  292.040,  369.050,  290.855
317.145,  312.340,  367.050,  307.455
317.230,  309.340,  353.050,  306.655
317.314,  267.640,  317.050,  270.955
317.398,  304.440,  367.050,  304.555
317.483,  282.840,  330.050,  278.555
317.567,  298.840,  365.050,  301.755
317.652,  283.340,  316.050,  275.655
317.736,  302.640,  370.050,  295.355
317.820,  323.540,  409.050,  313.455
317.905,  303.540,  357.050,  302.655
317.989,  298.240,  344.050,  289.055
318.073,  291.340,  330.050,  274.655
318.158,  273.740,  327.050,  285.955
318.242,  294.240,  360.050,  286.355
318.326,  275.640,  324.050,  274.655
318.411,  288.140,  374.050,  290.355
318.495,  284.840,  321.050,  268.655
318.579,  275.540,  321.050,  276.455
318.664,  272.940,  368.050,  268.055
318.748,  289.840,  350.050,  305.155
318.832,  279.840,  335.050,  280.255
318.916,  270.540,  316.050,  265.755
319.001,  297.440,  350.050,  292.055
319.085,  275.740,  340.050,  295.855
319.169,  294.140,  347.050,  284.255
319.253,  286.240,  315.050,  277.455
319.337,  295.040,  368.050,  298.655
319.422,  295.140,  379.050,  301.155
319.506,  276.440,  324.050,  270.655
319.590,  297.340,  343.050,  299.355
319.674,  292.840,  379.050,  277.455
319.758,  289.940,  378.050,  286.355
319.842,  301.740,  365.050,  294.455
319.926,  285.340,  340.050,  285.755
320.010,  261.140,  317.050,  255.655
320.095,  260.140,  327.050,  274.055
320.179,  270.240,  337.050,  270.755
320.263,  282.140,  342.050,  274.555
320.347,  260.140,  322.050,  261.655
320.431,  257.040,  314.050,  260.755
320.515,  286.940,  345.050,  292.855
320.599,  262.140,  304.050,  250.855
320.683,  293.840,  341.050,  295.555
320.767,  257.540,  323.050,  249.455
320.851,  275.540,  319.050,  263.655
320.935,  295.440,  352.050,  304.155
321.019,  289.140,  352.050,  277.855
321.103,  272.140,  318.050,  265.755
321.187,  262.240,  323.050,  259.155
321.271,  283.940,  367.050,  292.855
321.355,  273.940,  340.050,  274.755
321.439,  289.240,  364.050,  296.055
321.523,  277.840,  303.050,  276.655
321.606,  274.240,  317.050,  271.455
321.690,  279.740,  349.050,  281.855
321.774,  272.240,  348.050,  281.255
321.858,  283.740,  344.050,  271.855
321.942,  283.740,  317.050,  282.355
322.026,  272.640,  338.050,  278.155
322.110,  279.340,  360.050,  279.655
322.194,  297.340,  334.050,  280.555
322.277,  269.140,  344.050,  269.555
322.361,  263.740,  320.050,  274.455
322.445,  277.140,  333.050,  288.755
322.529,  286.940,  340.050,  287.555
322.613,  288.540,  305.050,  288.355
322.696,  258.340,  332.050,  264.355
322.780,  285.740,  354.050,  280.555
322.864,  269.340,  272.050,  277.955
322.948,  277.540,  346.050,  291.655
323.031,  270.140,  328.050,  273.755
323.115,  277.940,  308.050,  275.355
323.199,  288.340,  341.050,  288.755
323.282,  304.340,  348.050,  307.055
323.366,  283.240,  323.050,  293.955
323.450,  275.040,  350.050,  266.455
323.533,  305.040,  366.050,  301.355
323.617,  259.940,  288.050,  264.155
323.701,  273.440,  314.050,  284.155
323.784,  287.140,  331.050,  293.055
323.868,  286.340,  325.050,  281.855
323.952,  287.740,  339.050,  286.755
324.035,  306.540,  344.050,  291.955
324.119,  293.840,  357.050,  297.555
324.202,  280.340,  323.050,  287.755
324.286,  284.540,  336.050,  272.555
324.370,  290.740,  331.050,  296.155
324.453,  287.340,  342.050,  286.055
324.537,  286.940,  330.050,  280.755
324.620,  276.740,  365.050,  289.755
324.704,  266.940,  326.050,  272.755
324.787,  289.340,  365.050,  288.255
324.871,  301.740,  357.050,  308.555
324.954,  306.940,  375.050,  299.555
325.038,  295.940,  356.050,  295.455
325.121,  308.540,  335.050,  303.855
325.205,  290.040,  316.050,  280.755
325.288,  274.240,  316.050,  272.455
325.371,  294.040,  317.050,  286.655
325.455,  306.040,  340.050,  299.555
325.538,  277.140,  343.050,  279.255
325.622,  310.840,  378.050,  305.655
325.705,  291.140,  358.050,  287.055
325.788,  303.840,  358.050,  304.955
325.872,  295.140,  336.050,  303.855
325.955,  313.040,  383.050,  310.655
326.039,  303.340,  351.050,  295.555
326.122,  300.740,  339.050,  308.555
326.205,  310.640,  333.050,  307.755
326.289,  311.340,  382.050,  310.455
326.372,  289.140,  321.050,  289.555
326.455,  310.940,  365.050,  316.955
326.538,  318.140,  375.050,  310.055
326.622,  320.140,  372.050,  319.055
326.705,  286.140,  331.050,  271.755
326.788,  317.340,  354.050,  304.155
326.871,  307.740,  358.050,  311.355
326.955,  314.340,  369.050,  310.055
327.038,  303.040,  336.050,  297.155
327.121,  283.840,  359.050,  298.155
327.204,  308.240,  357.050,  308.555
327.288,  326.740,  391.050,  323.755
327.371,  287.840,  352.050,  294.955
327.454,  303.940,  372.050,  299.355
327.537,  285.640,  341.050,  271.855
327.620,  322.440,  354.050,  313.255
327.703,  315.840,  349.050,  299.955
327.786,  303.640,  346.050,  298.555
327.870,  318.240,  362.050,  311.755
327.953,  293.340,  348.050,  304.455
328.036,  293.140,  349.050,  294.055
328.119,  311.740,  362.050,  312.055
328.202,  290.140,  345.050,  299.755
328.285,  322.040,  351.050,  318.555
328.368,  311.140,  342.050,  310.555
328.451,  298.940,  370.050,  304.255
328.534,  297.540,  345.050,  301.755
328.617,  298.940,  346.050,  296.055
328.700,  310.740,  361.050,  324.055
328.783,  323.940,  373.050,  315.655
328.866,  312.240,  353.050,  311.355
328.949,  317.240,  378.050,  320.755
329.032,  292.840,  355.050,  291.055
329.115,  284.240,  336.050,  279.355
329.198,  270.740,  336.050,  280.755
329.281,  289.840,  322.050,  295.755
329.364,  306.440,  369.050,  314.255
329.447,  302.940,  357.050,  302.055
329.530,  323.240,  370.050,  311.355
329.613,  298.940,  332.050,  293.655
329.696,  320.340,  363.050,  328.655
329.778,  309.840,  398.050,  313.255
329.861,  298.840,  332.050,  292.855
329.944,  310.040,  355.050,  309.855
330.027,  306.340,  338.050,  304.855
330.110,  291.440,  337.050,  306.055
330.193,  288.140,  299.050,  284.055
330.275,  307.940,  356.050,  306.055
330.358,  291.840,  341.050,  292.555
330.441,  310.340,  343.050,  322.655
330.524,  305.340,  336.050,  304.755
330.607,  300.540,  383.050,  296.655
330.689,  303.240,  392.050,  307.855
330.772,  294.040,  352.050,  293.255
330.855,  314.440,  397.050,  331.355
330.938,  316.140,  378.050,  317.155
331.020,  312.840,  337.050,  316.155
331.103,  289.740,  366.050,  291.455
331.186,  293.540,  342.050,  299.655
331.268,  288.940,  358.050,  287.655
331.351,  311.940,  359.050,  313.555
331.434,  303.440,  338.050,  308.355
331.516,  308.940,  381.050,  305.155
331.599,  307.340,  367.050,  298.455
331.682,  301.440,  347.050,  316.155
331.764,  282.440,  367.050,  282.755
331.847,  308.640,  363.050,  312.155
331.929,  275.340,  334.050,  290.955
332.012,  304.240,  351.050,  304.155
332.095,  316.540,  365.050,  323.155
332.177,  313.540,  367.050,  318.655
332.260,  315.940,  375.050,  328.755
332.342,  309.140,  343.050,  311.655
332.425,  298.440,  353.050,  300.255
332.507,  308.240,  348.050,  294.355
332.590,  280.440,  351.050,  282.455
332.672,  288.440,  329.050,  289.255
332.755,  313.840,  349.050,  287.655
332.837,  298.540,  354.050,  291.055
332.920,  299.040,  364.050,  306.055
333.002,  324.540,  375.050,  309.455
333.085,  302.640,  368.050,  304.655
333.167,  295.540,  366.050,  292.455
333.249,  288.640,  355.050,  281.855
333.332,  287.140,  356.050,  281.855
333.414,  292.940,  347.050,  290.455
333.497,  294.540,  338.050,  296.955
333.579,  288.240,  341.050,  289.755
333.661,  312.040,  367.050,  304.055
333.744,  282.040,  350.050,  282.955
333.826,  315.140,  347.050,  306.555
333.908,  312.840,  373.050,  311.555
333.991,  299.340,  350.050,  286.055
334.073,  456.840,  359.050,  312.755
334.155,  333.740,  353.050,  294.855
334.238,  313.640,  361.050,  305.155
334.320,  288.440,  320.050,  291.355
334.402,  295.640,  347.050,  301.955
334.485,  298.340,  343.050,  296.755
334.567,  297.340,  362.050,  303.655
334.649,  271.440,  318.050,  257.355
334.731,  305.340,  358.050,  306.955
334.813,  312.240,  369.050,  302.555
334.896,  278.840,  325.050,  281.355
334.978,  296.240,  373.050,  297.555
335.060,  292.640,  359.050,  296.555
335.142,  291.440,  347.050,  289.555
335.224,  305.540,  354.050,  306.555
335.307,  293.840,  326.050,  283.655
335.389,  311.640,  386.050,  317.455
335.471,  291.840,  355.050,  295.155
335.553,  315.440,  387.050,  312.555
335.635,  314.240,  341.050,  301.155
335.717,  279.740,  365.050,  292.055
335.799,  303.440,  375.050,  316.855
335.881,  271.040,  351.050,  268.355
335.963,  280.440,  323.050,  287.455
336.045,  293.040,  356.050,  284.655
336.128,  273.940,  312.050,  271.355
336.210,  287.840,  341.050,  286.455
336.292,  293.040,  341.050,  296.555
336.374,  288.040,  341.050,  294.055
336.456,  283.740,  350.050,  281.555
336.538,  296.740,  326.050,  299.155
336.620,  294.640,  364.050,  306.655
336.702,  280.940,  324.050,  288.955
336.783,  296.240,  332.050,  287.355
336.865,  304.540,  365.050,  299.155
336.947,  302.340,  397.050,  303.955
337.029,  273.840,  344.050,  273.955
337.111,  319.340,  382.050,  306.855
337.193,  275.940,  334.050,  273.055
337.275,  307.440,  342.050,  300.955
337.357,  316.940,  358.050,  301.455
337.439,  293.540,  360.050,  304.455
337.521,  266.240,  321.050,  273.855
337.602,  284.940,  359.050,  294.855
337.684,  306.740,  373.050,  304.155
337.766,  297.840,  381.050,  295.555
337.848,  295.740,  360.050,  301.755
337.930,  298.640,  328.050,  295.355
338.012,  294.940,  349.050,  297.555
338.093,  306.940,  334.050,  308.855
338.175,  316.440,  370.050,  307.055
338.257,  301.440,  356.050,  296.055
338.339,  275.040,  360.050,  288.955
338.420,  295.140,  358.050,  306.355
338.502,  299.340,  321.050,  290.955
338.584,  272.040,  313.050,  275.755
338.666,  304.040,  334.050,  294.055
338.747,  329.740,  382.050,  330.955
338.829,  309.540,  335.050,  300.355
338.911,  285.540,  328.050,  294.455
338.992,  291.940,  340.050,  277.455
339.074,  296.740,  357.050,  293.355
339.156,  291.340,  367.050,  292.355
339.237,  329.340,  365.050,  321.555
339.319,  286.340,  352.050,  282.655
339.400,  303.140,  342.050,  298.955
339.482,  276.340,  338.050,  278.455
339.564,  312.140,  355.050,  312.455
339.645,  305.740,  352.050,  296.455
339.727,  280.240,  342.050,  280.155
339.808,  323.240,  347.050,  312.955
339.890,  293.540,  329.050,  290.855
339.971,  301.740,  381.050,  303.855
340.053,  324.840,  386.050,  325.455
340.134,  274.840,  325.050,  277.655
340.216,  307.440,  347.050,  301.655
340.297,  291.440,  342.050,  298.255
340.379,  313.340,  322.050,  308.755
340.460,  299.240,  335.050,  296.855
340.542,  291.740,  340.050,  283.955
340.623,  296.440,  361.050,  293.955
340.705,  283.440,  337.050,  288.355
340.786,  283.340,  337.050,  292.455
340.868,  290.540,  385.050,  308.555
340.949,  280.740,  356.050,  275.655
341.030,  317.140,  358.050,  322.655
341.112,  269.540,  326.050,  276.055
341.193,  264.140,  322.050,  268.355
341.274,  311.340,  356.050,  316.855
341.356,  313.140,  376.050,  307.555
341.437,  288.740,  333.050,  288.255
341.518,  312.040,  355.050,  295.055
341.600,  304.640,  383.050,  304.455
341.681,  330.140,  374.050,  314.355
341.762,  319.640,  372.050,  313.855
341.844,  274.940,  346.050,  261.655
341.925,  296.840,  363.050,  306.955
342.006,  305.040,  349.050,  315.755
342.087,  277.340,  323.050,  280.355
342.169,  303.640,  320.050,  299.655
342.250,  283.140,  335.050,  278.155
342.331,  291.840,  333.050,  292.655
342.412,  310.840,  360.050,  297.755
342.493,  283.940,  345.050,  284.255
342.575,  318.540,  382.050,  320.455
342.656,  304.240,  347.050,  305.755
342.737,  326.240,  398.050,  316.455
342.818,  294.540,  376.050,  288.955
342.899,  304.940,  384.050,  308.255
342.980,  299.740,  337.050,  308.855
343.061,  295.340,  353.050,  295.755
343.143,  310.740,  381.050,  311.055
343.224,  296.140,  356.050,  298.055
343.305,  296.840,  328.050,  286.155
343.386,  289.840,  336.050,  292.055
343.467,  298.340,  368.050,  304.055
343.548,  297.340,  372.050,  297.955
343.629,  308.640,  354.050,  306.155
343.710,  315.440,  342.050,  316.355
343.791,  319.140,  398.050,  314.655
343.872,  293.940,  322.050,  292.055
343.953,  316.740,  368.050,  310.855
344.034,  308.840,  365.050,  314.755
344.115,  307.040,  353.050,  290.255
344.196,  292.140,  315.050,  284.255
344.277,  295.140,  325.050,  289.255
344.358,  299.840,  348.050,  299.355
344.439,  293.940,  328.050,  295.755
344.520,  290.840,  356.050,  290.955
344.601,  310.540,  365.050,  307.055
344.681,  294.840,  360.050,  292.655
344.762,  285.640,  344.050,  282.355
344.843,  282.140,  330.050,  270.355
344.924,  294.540,  378.050,  296.155
345.005,  288.340,  342.050,  291.955
345.086,  307.040,  362.050,  303.955
345.167,  283.440,  346.050,  281.955
345.247,  316.740,  379.050,  314.555
345.328,  309.840,  371.050,  311.755
345.409,  300.540,  345.050,  297.855
345.490,  294.240,  389.050,  306.855
345.571,  300.340,  329.050,  296.455
345.651,  280.640,  339.050,  276.055
345.732,  299.240,  361.050,  287.055
345.813,  307.840,  348.050,  314.055
345.894,  280.640,  352.050,  276.555
345.974,  308.940,  368.050,  306.355
346.055,  289.240,  323.050,  284.455
346.136,  298.740,  350.050,  293.855
346.216,  322.340,  388.050,  326.855
346.297,  298.040,  366.050,  290.055
346.378,  291.040,  350.050,  281.855
346.458,  309.840,  339.050,  306.655
346.539,  295.140,  359.050,  293.355
346.620,  309.140,  340.050,  299.855
346.700,  272.240,  317.050,  272.855
346.781,  265.440,  317.050,  278.555
346.861,  298.640,  367.050,  302.155
346.942,  290.040,  363.050,  300.155
347.023,  306.940,  362.050,  313.155
347.103,  290.740,  338.050,  295.355
347.184,  292.240,  328.050,  288.455
347.264,  276.840,  305.050,  282.255
347.345,  297.240,  357.050,  288.655
347.425,  276.840,  365.050,  279.155
347.506,  276.540,  331.050,  277.955
347.586,  282.240,  330.050,  282.955
347.667,  304.940,  332.050,  297.055
347.747,  296.640,  354.050,  297.655
347.828,  283.740,  332.050,  285.955
347.908,  300.240,  333.050,  302.455
347.988,  292.340,  363.050,  301.255
348.069,  305.340,  366.050,  303.955
348.149,  303.240,  343.050,  306.155
348.230,  302.640,  352.050,  308.155
348.310,  276.840,  302.050,  273.655
348.390,  281.240,  365.050,  290.955
348.471,  301.740,  365.050,  301.955
348.551,  280.440,  329.050,  286.555
348.632,  277.640,  324.050,  286.855
348.712,  286.140,  345.050,  281.855
348.792,  324.840,  396.050,  324.155
348.873,  283.240,  318.050,  274.555
348.953,  280.740,  360.050,  280.455
349.033,  294.840,  340.050,  296.055
349.113,  269.640,  328.050,  274.455
349.194,  302.540,  394.050,  304.255
349.274,  288.440,  377.050,  293.855
349.354,  301.540,  340.050,  295.855
349.434,  293.440,  370.050,  298.855
349.515,  309.840,  374.050,  317.455
349.595,  296.840,  349.050,  294.155
349.675,  304.640,  362.050,  304.555
349.755,  306.040,  342.050,  284.955
349.835,  305.540,  329.050,  305.555
349.916,  286.140,  345.050,  288.455
349.996,  279.640,  340.050,  287.655
350.076,  301.240,  355.050,  310.655
350.156,  286.340,  321.050,  290.355
350.236,  305.840,  378.050,  311.955
350.316,  288.740,  336.050,  288.855
350.396,  293.740,  390.050,  307.055
350.476,  294.940,  339.050,  290.655
350.556,  293.740,  374.050,  294.955
350.637,  313.140,  381.050,  312.455
350.717,  291.940,  346.050,  290.555
350.797,  296.940,  343.050,  302.655
350.877,  274.540,  289.050,  284.255
350.957,  287.540,  345.050,  285.955
351.037,  293.540,  346.050,  286.355
351.117,  297.640,  347.050,  296.555
351.197,  295.840,  323.050,  304.155
351.277,  293.940,  352.050,  294.555
351.357,  319.240,  358.050,  300.655
351.437,  295.940,  371.050,  298.255
351.516,  312.340,  363.050,  316.255
351.596,  292.440,  335.050,  289.155
351.676,  271.840,  348.050,  284.855
351.756,  312.740,  381.050,  324.855
351.836,  312.040,  349.050,  313.255
351.916,  299.740,  375.050,  298.055
351.996,  301.540,  333.050,  304.255
352.076,  290.040,  360.050,  297.955
352.156,  316.740,  400.050,  310.655
352.235,  297.840,  362.050,  300.055
352.315,  304.940,  381.050,  316.055
352.395,  301.540,  332.050,  300.155
352.475,  307.740,  402.050,  304.855
352.555,  328.940,  382.050,  326.655
352.634,  317.140,  343.050,  316.555
352.714,  290.140,  340.050,  299.155
352.794,  349.940,  398.050,  346.055
352.874,  315.240,  373.050,  313.055
352.953,  327.040,  365.050,  327.955
353.033,  314.740,  369.050,  311.555
353.113,  324.940,  394.050,  320.055
353.193,  325.640,  391.050,  315.855
353.272,  318.940,  356.050,  328.855
353.352,  305.540,  374.050,  309.855
353.432,  335.240,  372.050,  349.555
353.511,  320.540,  381.050,  329.155
353.591,  356.540,  433.050,  355.655
353.671,  316.240,  360.050,  319.755
353.750,  330.140,  391.050,  334.355
353.830,  306.340,  386.050,  316.055
353.909,  342.340,  408.050,  337.955
353.989,  313.640,  384.050,  314.955
354.069,  315.440,  362.050,  317.055
354.148,  335.740,  359.050,  327.255
354.228,  306.240,  375.050,  310.355
354.307,  321.740,  360.050,  328.355
354.387,  316.740,  364.050,  313.155
354.466,  307.940,  385.050,  303.855
354.546,  326.340,  379.050,  326.155
354.625,  316.640,  357.050,  308.255
354.705,  315.440,  378.050,  327.355
354.784,  306.940,  384.050,  311.055
354.864,  306.640,  360.050,  319.155
354.943,  340.140,  405.050,  325.255
355.023,  304.340,  354.050,  310.855
355.102,  352.940,  415.050,  342.755
355.181,  313.340,  376.050,  311.855
355.261,  335.940,  414.050,  341.455
355.340,  300.740,  380.050,  309.355
355.420,  339.940,  367.050,  330.555
355.499,  311.340,  413.050,  314.355
355.578,  314.140,  340.050,  303.955
355.658,  334.840,  407.050,  326.155
355.737,  316.640,  376.050,  312.955
355.816,  323.440,  387.050,  316.155
355.896,  325.340,  352.050,  314.255
355.975,  306.140,  348.050,  308.555
356.054,  307.040,  397.050,  304.255
356.133,  283.740,  320.050,  282.855
356.213,  319.240,  361.050,  325.855
356.292,  303.140,  380.050,  301.755
356.371,  307.640,  350.050,  311.055
356.451,  325.240,  352.050,  324.855
356.530,  335.540,  412.050,  335.655
356.609,  317.940,  390.050,  307.655
356.688,  304.240,  380.050,  315.655
356.767,  307.140,  353.050,  306.955
356.846,  316.840,  364.050,  321.955
356.926,  335.540,  390.050,  333.755
357.005,  314.940,  383.050,  310.355
357.084,  299.140,  352.050,  290.955
357.163,  309.940,  392.050,  316.855
357.242,  308.740,  352.050,  315.855
357.321,  312.740,  363.050,  320.355
357.400,  309.040,  367.050,  313.955
357.479,  318.040,  342.050,  319.955
357.559,  322.240,  380.050,  327.155
357.638,  286.640,  332.050,  293.255
357.717,  309.440,  339.050,  303.955
357.796,  319.140,  381.050,  324.055
357.875,  315.140,  355.050,  302.355
357.954,  309.040,  354.050,  307.255
358.033,  317.840,  382.050,  316.455
358.112,  326.240,  377.050,  322.955
358.191,  304.340,  378.050,  308.955
358.270,  290.540,  355.050,  290.855
358.349,  311.240,  367.050,  310.955
358.428,  321.340,  355.050,  320.755
358.507,  311.340,  382.050,  325.055
358.585,  310.040,  345.050,  321.455
358.664,  323.040,  373.050,  329.655
358.743,  316.740,  345.050,  319.555
358.822,  314.640,  367.050,  337.955
358.901,  295.740,  369.050,  303.455
358.980,  301.740,  352.050,  296.255
359.059,  313.740,  372.050,  327.355
359.138,  327.240,  384.050,  325.655
359.216,  319.040,  373.050,  324.055
359.295,  296.440,  352.050,  293.955
359.374,  321.740,  376.050,  321.255
359.453,  315.540,  378.050,  305.955
359.532,  297.040,  382.050,  307.855
359.610,  311.640,  384.050,  328.655
359.689,  323.340,  374.050,  332.455
359.768,  301.040,  376.050,  309.155
359.847,  297.640,  349.050,  300.955
359.925,  309.440,  343.050,  307.455
360.004,  292.840,  390.050,  297.955
360.083,  318.140,  373.050,  315.955
360.161,  304.540,  374.050,  307.955
360.240,  276.940,  342.050,  288.755
360.319,  314.540,  353.050,  309.255
360.397,  318.640,  397.050,  325.855
360.476,  313.340,  368.050,  310.855
360.555,  335.540,  409.050,  345.655
360.633,  296.840,  375.050,  307.955
360.712,  292.140,  346.050,  303.255
360.790,  331.240,  364.050,  329.755
360.869,  308.040,  370.050,  307.755
360.948,  313.440,  362.050,  320.955
361.026,  291.840,  339.050,  293.755
361.105,  311.240,  347.050,  304.155
361.183,  316.040,  404.050,  310.255
361.262,  307.340,  333.050,  296.855
361.340,  309.640,  355.050,  308.555
361.419,  288.340,  339.050,  287.055
361.497,  340.340,  385.050,  337.655
361.576,  308.140,  410.050,  310.655
361.654,  346.040,  378.050,  347.755
361.733,  280.340,  333.050,  283.155
361.811,  323.640,  367.050,  330.555
361.890,  282.640,  370.050,  284.455
361.968,  314.440,  375.050,  302.755
362.046,  334.940,  383.050,  332.455
362.125,  337.440,  376.050,  339.455
362.203,  305.740,  389.050,  317.655
362.282,  320.540,  375.050,  324.755
362.360,  317.140,  373.050,  317.055
362.438,  310.940,  333.050,  318.755
362.517,  355.240,  406.050,  351.455
362.595,  337.140,  370.050,  333.155
362.673,  329.040,  411.050,  334.455
362.752,  324.540,  368.050,  324.755
362.830,  354.540,  382.050,  337.755
362.908,  314.140,  369.050,  326.455
362.986,  325.040,  389.050,  315.455
363.065,  323.340,  371.050,  329.555
363.143,  355.840,  412.050,  361.355
363.221,  304.940,  375.050,  309.155
363.299,  299.240,  346.050,  316.055
363.378,  312.840,  398.050,  328.455
363.456,  298.140,  343.050,  302.855
363.534,  335.840,  354.050,  314.655
363.612,  330.140,  387.050,  325.255
363.690,  334.640,  393.050,  335.555
363.769,  354.040,  403.050,  344.455
363.847,  329.340,  377.050,  335.755
363.925,  306.840,  317.050,  301.255
364.003,  356.740,  427.050,  352.055
364.081,  341.040,  382.050,  336.755
364.159,  330.740,  399.050,  329.655
364.237,  350.240,  422.050,  341.855
364.315,  323.540,  376.050,  313.855
364.393,  362.240,  393.050,  352.855
364.471,  344.840,  401.050,  327.055
364.549,  352.340,  383.050,  326.555
364.627,  356.240,  381.050,  329.555
364.705,  361.440,  354.050,  315.855
364.783,  445.740,  370.050,  323.755
364.861, 1043.040,  394.050,  326.655
364.939, 3571.840,  361.050,  311.655
365.017,  782.840,  362.050,  312.055
365.095,  364.940,  385.050,  312.855
365.173,  366.940,  395.050,  350.455
365.251,  374.140,  383.050,  338.955
365.329,  506.040,  402.050,  341.355
365.407, 1074.240,  365.050,  323.055
365.485,  457.540,  394.050,  350.155
365.563,  355.740,  425.050,  347.455
365.641,  336.740,  387.050,  335.655
365.719,  346.240,  379.050,  328.755
365.796,  333.440,  368.050,  325.355
365.874,  351.440,  393.050,  335.955
365.952,  313.440,  326.050,  314.755
366.030,  340.840,  401.050,  322.255
366.108,  350.440,  377.050,  321.155
366.185,  571.540,  384.050,  339.355
366.263,  822.540,  364.050,  338.455
366.341,  366.340,  379.050,  336.455
366.419,  329.540,  376.050,  319.555
366.496,  346.140,  394.050,  346.155
366.574,  331.140,  368.050,  319.655
366.652,  353.140,  404.050,  355.355
366.730,  358.040,  431.050,  366.455
366.807,  327.840,  384.050,  319.155
366.885,  325.440,  337.050,  318.155
366.963,  330.640,  374.050,  329.255
367.040,  344.040,  408.050,  335.255
367.118,  326.040,  377.050,  315.955
367.196,  338.540,  386.050,  340.555
367.273,  339.240,  376.050,  339.855
367.351,  325.440,  361.050,  327.555
367.428,  347.640,  426.050,  356.355
367.506,  321.040,  366.050,  329.855
367.584,  361.640,  389.050,  356.455
367.661,  347.940,  370.050,  343.755
367.739,  326.540,  370.050,  331.455
367.816,  314.940,  379.050,  324.155
367.894,  333.240,  381.050,  336.755
367.971,  328.240,  374.050,  329.355
368.049,  353.440,  381.050,  353.055
368.126,  313.340,  391.050,  321.355
368.204,  359.740,  381.050,  357.055
368.281,  354.940,  408.050,  344.955
368.359,  347.340,  379.050,  356.955
368.436,  348.040,  366.050,  345.055
368.514,  343.040,  403.050,  342.055
368.591,  338.640,  414.050,  343.155
368.668,  342.540,  378.050,  351.155
368.746,  348.140,  407.050,  360.655
368.823,  339.340,  367.050,  340.355
368.901,  338.040,  399.050,  337.455
368.978,  355.340,  403.050,  351.555
369.055,  339.940,  387.050,  341.955
369.133,  375.040,  379.050,  369.155
369.210,  330.940,  373.050,  346.955
369.287,  367.140,  407.050,  379.655
369.365,  358.240,  407.050,  366.355
369.442,  343.040,  407.050,  345.755
369.519,  304.240,  341.050,  301.655
369.596,  365.040,  396.050,  366.355
369.674,  337.040,  379.050,  332.255
369.751,  371.640,  417.050,  367.855
369.828,  348.640,  401.050,  346.155
369.905,  349.840,  400.050,  348.055
369.983,  326.840,  390.050,  325.455
370.060,  335.340,  359.050,  327.755
370.137,  364.840,  412.050,  369.755
370.214,  336.840,  396.050,  337.055
370.291,  345.440,  398.050,  344.955
370.368,  345.840,  375.050,  348.655
370.446,  333.240,  347.050,  331.355
370.523,  331.840,  386.050,  335.755
370.600,  356.240,  394.050,  348.655
370.677,  337.540,  387.050,  341.855
370.754,  338.540,  383.050,  339.555
370.831,  333.140,  375.050,  339.655
370.908,  366.540,  389.050,  366.755
370.985,  315.540,  371.050,  317.055
371.062,  346.740,  415.050,  343.555
371.139,  356.040,  405.050,  354.755
371.216,  347.640,  377.050,  352.355
371.293,  348.340,  392.050,  349.755
371.370,  320.940,  367.050,  327.255
371.447,  347.940,  391.050,  353.155
371.524,  365.340,  406.050,  370.355
371.601,  370.940,  424.050,  363.755
371.678,  365.140,  424.050,  370.755
371.755,  345.640,  405.050,  346.355
371.832,  368.140,  359.050,  361.855
371.909,  330.140,  389.050,  344.955
371.986,  368.240,  390.050,  376.555
372.063,  335.340,  400.050,  332.455
372.140,  348.340,  388.050,  350.055
372.216,  353.540,  391.050,  350.755
372.293,  336.340,  374.050,  339.555
372.370,  359.040,  391.050,  364.055
372.447,  355.040,  378.050,  352.355
372.524,  344.240,  386.050,  351.355
372.601,  349.940,  409.050,  356.455
372.677,  321.940,  355.050,  330.055
372.754,  347.940,  403.050,  326.055
372.831,  343.640,  383.050,  358.555
372.908,  356.240,  393.050,  370.255
372.984,  345.140,  384.050,  344.755
373.061,  331.840,  373.050,  338.055
373.138,  341.040,  365.050,  339.955
373.215,  333.540,  369.050,  340.755
373.291,  350.740,  384.050,  339.855
373.368,  347.740,  404.050,  341.755
373.445,  334.240,  400.050,  338.955
373.521,  338.740,  384.050,  343.255
373.598,  334.340,  378.050,  328.355
373.675,  326.940,  364.050,  318.955
373.751,  343.940,  380.050,  348.155
373.828,  337.340,  362.050,  336.655
373.904,  383.240,  414.050,  385.155
373.981,  331.540,  377.050,  325.455
374.057,  351.040,  400.050,  349.555
374.134,  323.640,  362.050,  330.355
374.211,  347.240,  379.050,  348.555
374.287,  328.440,  385.050,  334.555
374.364,  361.240,  406.050,  366.455
374.440,  316.040,  370.050,  317.255
374.517,  365.640,  417.050,  367.455
374.593,  328.240,  385.050,  317.755
374.670,  342.340,  384.050,  333.255
374.746,  331.540,  413.050,  343.255
374.823,  369.940,  415.050,  358.855
374.899,  353.340,  402.050,  356.155
374.975,  324.040,  386.050,  335.355
375.052,  324.440,  342.050,  320.155
375.128,  327.840,  366.050,  326.955
375.205,  359.540,  391.050,  347.755
375.281,  330.540,  361.050,  334.955
375.357,  350.640,  375.050,  344.355
375.434,  333.740,  367.050,  331.655
375.510,  342.140,  379.050,  345.655
375.586,  339.440,  401.050,  354.155
375.663,  325.740,  346.050,  328.055
375.739,  358.240,  413.050,  356.655
375.815,  339.940,  395.050,  341.955
375.892,  339.240,  377.050,  343.855
375.968,  322.340,  370.050,  330.555
376.044,  327.740,  379.050,  326.655
376.120,  323.740,  414.050,  329.055
376.197,  348.340,  407.050,  348.255
376.273,  329.740,  380.050,  335.255
376.349,  368.040,  397.050,  375.555
376.425,  353.840,  399.050,  358.155
376.501,  343.840,  369.050,  347.255
376.578,  349.340,  425.050,  363.455
376.654,  368.040,  428.050,  370.655
376.730,  362.240,  398.050,  350.655
376.806,  368.840,  407.050,  365.955
376.882,  365.440,  430.050,  375.155
376.958,  371.640,  400.050,  370.155
377.034,  310.540,  334.050,  318.955
377.111,  359.540,  403.050,  357.055
377.187,  384.740,  413.050,  388.655
377.263,  374.340,  425.050,  371.555
377.339,  341.540,  378.050,  337.555
377.415,  363.040,  417.050,  354.155
377.491,  350.040,  389.050,  342.955
377.567,  351.440,  408.050,  343.955
377.643,  375.840,  412.050,  378.855
377.719,  360.940,  399.050,  362.255
377.795,  337.440,  396.050,  341.755
377.871,  360.140,  406.050,  361.855
377.947,  335.940,  384.050,  344.755
378.023,  345.240,  380.050,  337.855
378.099,  337.640,  419.050,  337.655
378.174,  378.840,  394.050,  373.755
378.250,  353.040,  403.050,  355.255
378.326,  369.540,  416.050,  367.055
378.402,  350.540,  360.050,  355.355
378.478,  357.840,  405.050,  365.055
378.554,  369.940,  417.050,  367.455
378.630,  357.340,  417.050,  359.055
378.706,  354.640,  406.050,  351.155
378.781,  383.440,  430.050,  388.655
378.857,  359.640,  382.050,  359.055
378.933,  354.340,  396.050,  362.355
379.009,  349.540,  394.050,  348.855
379.085,  378.640,  435.050,  393.055
379.160,  367.440,  471.050,  370.755
379.236,  374.640,  421.050,  374.155
379.312,  360.340,  386.050,  367.455
379.387,  349.040,  389.050,  349.655
379.463,  356.740,  399.050,  352.555
379.539,  360.840,  401.050,  371.355
379.615,  352.140,  400.050,  355.855
379.690,  393.140,  419.050,  387.655
379.766,  375.440,  422.050,  370.755
379.842,  390.840,  429.050,  396.155
379.917,  382.140,  416.050,  381.755
379.993,  361.440,  432.050,  366.955
380.068,  362.640,  397.050,  355.555
380.144,  381.940,  433.050,  378.555
380.220,  379.140,  442.050,  380.955
380.295,  351.340,  382.050,  353.855
380.371,  356.940,  420.050,  357.255
380.446,  377.040,  396.050,  378.355
380.522,  336.640,  392.050,  337.755
380.597,  352.040,  413.050,  360.555
380.673,  394.240,  459.050,  387.955
380.748,  345.940,  402.050,  344.355
380.824,  361.240,  424.050,  362.955
380.899,  380.240,  428.050,  392.055
380.975,  359.640,  418.050,  363.955
381.050,  346.340,  401.050,  347.255
381.126,  367.440,  417.050,  364.555
381.201,  391.640,  416.050,  405.055
381.277,  372.440,  422.050,  370.755
381.352,  381.140,  399.050,  383.055
381.427,  372.940,  380.050,  373.955
381.503,  374.040,  414.050,  370.055
381.578,  357.540,  404.050,  351.455
381.653,  368.540,  365.050,  363.955
381.729,  350.940,  399.050,  356.555
381.804,  365.340,  418.050,  360.755
381.879,  378.640,  413.050,  379.755
381.955,  345.840,  400.050,  353.655
382.030,  353.340,  414.050,  356.455
382.105,  366.640,  397.050,  372.755
382.181,  367.640,  385.050,  360.655
382.256,  368.840,  422.050,  370.455
382.331,  374.340,  396.050,  379.355
382.406,  344.840,  397.050,  355.155
382.482,  355.740,  390.050,  356.355
382.557,  353.940,  412.050,  356.655
382.632,  369.640,  399.050,  377.355
382.707,  358.040,  402.050,  360.055
382.782,  364.540,  394.050,  367.455
382.857,  357.740,  405.050,  355.455
382.933,  343.040,  400.050,  349.055
383.008,  330.840,  369.050,  345.455
383.083,  367.840,  419.050,  372.255
383.158,  369.340,  423.050,  369.855
383.233,  343.940,  416.050,  361.555
383.308,  346.540,  366.050,  357.355
383.383,  394.640,  446.050,  389.055
383.458,  348.940,  393.050,  362.455
383.533,  340.240,  391.050,  330.555
383.608,  382.840,  416.050,  386.655
383.683,  385.940,  435.050,  378.855
383.758,  373.340,  411.050,  377.755
383.833,  363.740,  414.050,  367.555
383.908,  336.240,  383.050,  342.355
383.983,  338.840,  390.050,  343.955
384.058,  360.340,  423.050,  357.655
384.133,  366.440,  391.050,  370.655
384.208,  365.140,  443.050,  374.255
384.283,  351.740,  389.050,  350.155
384.358,  385.840,  415.050,  378.655
384.433,  349.140,  365.050,  354.955
384.508,  367.640,  401.050,  363.455
384.583,  383.140,  409.050,  367.755
384.658,  362.640,  400.050,  363.155
384.732,  337.240,  393.050,  330.555
384.807,  364.040,  412.050,  358.355
384.882,  373.040,  414.050,  371.455
384.957,  365.040,  434.050,  367.255
385.032,  372.640,  426.050,  367.355
385.106,  368.540,  418.050,  361.455
385.181,  349.840,  410.050,  352.555
385.256,  357.340,  405.050,  365.555
385.331,  370.340,  445.050,  366.955
385.405,  372.640,  411.050,  377.355
385.480,  358.440,  401.050,  372.855
385.555,  397.440,  455.050,  403.855
385.630,  393.240,  426.050,  383.155
385.704,  370.940,  430.050,  363.655
385.779,  358.340,  423.050,  353.855
385.854,  358.440,  426.050,  368.455
385.928,  360.340,  397.050,  360.455
386.003,  399.940,  451.050,  402.555
386.078,  372.740,  429.050,  371.055
386.152,  411.640,  455.050,  392.855
386.227,  353.640,  409.050,  354.055
386.301,  372.040,  406.050,  378.755
386.376,  348.340,  407.050,  345.655
386.450,  374.840,  438.050,  386.155
386.525,  364.740,  389.050,  375.655
386.600,  385.340,  424.050,  384.655
386.674,  362.740,  397.050,  359.555
386.749,  374.840,  403.050,  373.355
386.823,  376.540,  415.050,  372.255
386.898,  376.440,  424.050,  376.555
386.972,  372.540,  428.050,  375.255
387.047,  365.140,  410.050,  359.755
387.121,  372.040,  427.050,  371.855
387.195,  344.840,  381.050,  356.455
387.270,  383.740,  402.050,  373.155
387.344,  400.040,  452.050,  402.955
387.419,  386.240,  439.050,  383.155
387.493,  378.540,  423.050,  366.855
387.567,  353.340,  408.050,  347.555
387.642,  397.540,  439.050,  400.655
387.716,  382.840,  408.050,  375.555
387.790,  368.040,  397.050,  362.355
387.865,  372.040,  413.050,  359.455
387.939,  400.040,  420.050,  404.255
388.013,  372.240,  415.050,  371.355
388.088,  363.340,  384.050,  372.255
388.162,  368.240,  412.050,  363.055
388.236,  377.140,  380.050,  373.155
388.310,  360.440,  412.050,  355.155
388.385,  381.840,  441.050,  388.855
388.459,  367.140,  420.050,  376.355
388.533,  349.240,  398.050,  366.555
388.607,  359.040,  396.050,  354.055
388.682,  376.540,  410.050,  368.855
388.756,  343.140,  376.050,  347.055
388.830,  383.440,  454.050,  391.355
388.904,  372.940,  427.050,  377.755
388.978,  361.940,  392.050,  365.255
389.052,  369.740,  409.050,  369.055
389.126,  373.340,  422.050,  363.655
389.200,  368.240,  415.050,  375.155
389.275,  365.040,  371.050,  357.455
389.349,  370.240,  396.050,  366.655
389.423,  365.640,  418.050,  360.555
389.497,  378.040,  413.050,  381.955
389.571,  359.540,  387.050,  369.655
389.645,  367.140,  385.050,  386.955
389.719,  371.240,  418.050,  366.755
389.793,  349.140,  403.050,  350.955
389.867,  394.040,  476.050,  400.355
389.941,  366.840,  403.050,  369.055
390.015,  357.540,  418.050,  356.355
390.089,  358.940,  391.050,  352.355
390.163,  371.540,  417.050,  357.955
390.237,  372.140,  430.050,  370.355
390.310,  373.340,  389.050,  377.455
390.384,  374.440,  433.050,  373.455
390.458,  403.740,  441.050,  408.455
390.532,  382.540,  402.050,  375.255
390.606,  351.340,  399.050,  358.355
390.680,  372.840,  392.050,  358.855
390.754,  365.740,  390.050,  364.855
390.827,  388.240,  432.050,  384.655
390.901,  387.040,  437.050,  393.355
390.975,  366.840,  397.050,  373.155
391.049,  359.340,  406.050,  355.355
391.123,  363.340,  401.050,  353.455
391.196,  367.640,  424.050,  371.355
391.270,  372.240,  432.050,  370.155
391.344,  361.140,  376.050,  349.155
391.418,  370.740,  403.050,  368.655
391.491,  356.240,  386.050,  354.955
391.565,  360.740,  398.050,  359.855
391.639,  390.340,  430.050,  389.955
391.712,  384.040,  440.050,  380.555
391.786,  366.440,  377.050,  370.855
391.860,  370.540,  423.050,  362.355
391.933,  373.940,  401.050,  374.855
392.007,  380.040,  435.050,  375.655
392.081,  394.540,  464.050,  392.055
392.154,  374.340,  432.050,  380.955
392.228,  378.840,  429.050,  388.055
392.301,  369.440,  418.050,  380.355
392.375,  387.940,  411.050,  388.955
392.448,  371.440,  420.050,  377.455
392.522,  363.540,  410.050,  371.255
392.595,  367.440,  392.050,  369.855
392.669,  380.640,  405.050,  367.655
392.742,  383.440,  435.050,  379.855
392.816,  385.740,  466.050,  392.755
392.889,  382.040,  421.050,  385.155
392.963,  403.140,  466.050,  396.255
393.036,  377.640,  436.050,  372.855
393.110,  393.940,  441.050,  389.355
393.183,  400.940,  433.050,  399.055
393.257,  416.140,  458.050,  409.455
393.330,  365.140,  389.050,  372.355
393.403,  381.640,  416.050,  388.755
393.477,  340.940,  386.050,  345.755
393.550,  380.240,  426.050,  389.455
393.623,  380.140,  413.050,  386.555
393.697,  389.140,  436.050,  390.255
393.770,  367.540,  406.050,  368.655
393.843,  397.340,  441.050,  399.755
393.917,  389.440,  433.050,  401.455
393.990,  407.540,  428.050,  402.355
394.063,  385.540,  422.050,  379.155
394.136,  380.440,  399.050,  387.055
394.210,  386.840,  404.050,  389.255
394.283,  398.340,  430.050,  399.955
394.356,  401.240,  430.050,  387.555
394.429,  395.640,  437.050,  386.655
394.502,  375.740,  419.050,  374.255
394.576,  410.040,  450.050,  411.555
394.649,  368.440,  429.050,  373.455
394.722,  393.640,  411.050,  395.755
394.795,  401.940,  456.050,  407.155
394.868,  379.640,  417.050,  370.355
394.941,  361.940,  431.050,  374.555
395.014,  413.840,  450.050,  403.055
395.088,  397.740,  423.050,  396.655
395.161,  393.840,  420.050,  388.455
395.234,  410.040,  450.050,  398.755
395.307,  396.940,  457.050,  395.855
395.380,  387.640,  439.050,  377.755
395.453,  439.540,  471.050,  432.155
395.526,  403.440,  426.050,  402.955
395.599,  429.140,  457.050,  421.455
395.672,  387.340,  424.050,  394.555
395.745,  416.940,  453.050,  410.555
395.818,  376.640,  399.050,  370.855
395.891,  376.340,  415.050,  387.355
395.964,  416.740,  422.050,  422.655
396.036,  383.340,  410.050,  392.755
396.109,  382.340,  418.050,  382.055
396.182,  392.340,  439.050,  395.955
396.255,  399.340,  459.050,  397.555
396.328,  409.240,  443.050,  402.055
396.401,  366.640,  393.050,  366.555
396.474,  373.140,  383.050,  377.655
396.547,  398.240,  439.050,  401.355
396.619,  383.040,  417.050,  385.055
396.692,  398.040,  417.050,  401.455
396.765,  362.840,  412.050,  369.855
396.838,  381.340,  431.050,  384.855
396.911,  371.340,  413.050,  365.355
396.983,  385.740,  428.050,  382.655
397.056,  359.240,  410.050,  372.555
397.129,  376.040,  428.050,  380.255
397.201,  392.240,  401.050,  388.655
397.274,  383.540,  412.050,  392.955
397.347,  358.040,  404.050,  358.955
397.420,  391.440,  437.050,  377.355
397.492,  384.340,  436.050,  389.755
397.565,  378.740,  436.050,  368.855
397.637,  365.240,  374.050,  369.655
397.710,  353.140,  394.050,  346.655
397.783,  411.540,  470.050,  401.255
397.855,  338.340,  386.050,  345.755
397.928,  365.840,  394.050,  362.155
398.000,  400.840,  437.050,  387.955
398.073,  381.740,  427.050,  379.255
398.146,  375.340,  391.050,  374.455
398.218,  391.540,  439.050,  390.655
398.291,  386.640,  429.050,  388.755
398.363,  375.140,  416.050,  376.855
398.436,  363.040,  437.050,  366.155
398.508,  378.640,  407.050,  376.055
398.581,  372.440,  419.050,  380.955
398.653,  373.240,  374.050,  363.655
398.726,  378.040,  394.050,  374.055
398.798,  383.840,  430.050,  378.555
398.870,  389.040,  425.050,  378.955
398.943,  357.340,  411.050,  365.855
399.015,  363.740,  395.050,  359.655
399.088,  375.540,  419.050,  374.955
399.160,  363.440,  411.050,  361.855
399.232,  349.140,  404.050,  347.655
399.305,  367.940,  373.050,  361.855
399.377,  377.740,  405.050,  360.955
399.449,  368.240,  435.050,  378.855
399.522,  411.640,  451.050,  412.055
399.594,  355.040,  420.050,  365.655
399.666,  378.940,  406.050,  379.455
399.738,  364.040,  426.050,  370.655
399.811,  378.840,  409.050,  365.455
399.883,  383.440,  393.050,  383.455
399.955,  382.940,  436.050,  383.355
400.027,  348.440,  377.050,  339.055
400.100,  399.340,  425.050,  399.455
400.172,  348.040,  364.050,  339.655
400.244,  376.140,  400.050,  365.255
400.316,  389.340,  426.050,  389.155
400.388,  378.740,  426.050,  377.955
400.460,  353.540,  420.050,  359.655
400.532,  342.240,  390.050,  352.155
400.605,  377.440,  422.050,  379.255
400.677,  393.640,  445.050,  392.755
400.749,  392.440,  455.050,  402.755
400.821,  381.740,  432.050,  371.155
400.893,  370.140,  433.050,  371.655
400.965,  385.640,  421.050,  387.655
401.037,  383.440,  428.050,  384.355
401.109,  372.440,  425.050,  367.755
401.181,  367.240,  410.050,  374.855

