Wave   ,Sample   ,Dark     ,Reference
532.290,  232.965,  274.085,  237.083
532.421,  233.065,  281.685,  230.583
532.552,  255.365,  290.885,  249.982
532.683,  242.065,  280.685,  248.182
532.814,  242.265,  281.485,  244.182
532.945,  269.165,  307.485,  267.182
533.076,  220.465,  262.585,  226.583
533.207,  259.365,  294.085,  252.783
533.338,  247.965,  291.185,  245.182
533.469,  264.765,  307.185,  271.682
533.600,  256.065,  287.085,  245.283
533.730,  246.865,  292.585,  249.583
533.861,  233.365,  276.385,  247.883
533.992,  256.465,  297.385,  254.883
534.123,  242.765,  283.185,  243.583
534.254,  240.765,  287.485,  241.283
534.385,  264.265,  318.285,  255.982
534.515,  242.565,  289.385,  237.383
534.646,  240.965,  292.985,  250.982
534.777,  243.965,  289.985,  245.783
534.907,  224.865,  282.485,  230.883
535.038,  259.065,  306.185,  244.083
535.169,  232.165,  275.685,  223.982
535.299,  265.365,  332.085,  269.582
535.430,  236.365,  288.985,  232.283
535.561,  234.365,  292.385,  237.883
535.691,  254.465,  299.585,  252.383
535.822,  239.265,  284.585,  228.982
535.953,  231.065,  277.485,  232.583
536.083,  224.765,  269.585,  208.583
536.214,  253.865,  298.885,  243.383
536.344,  225.965,  284.785,  239.083
536.475,  211.165,  256.585,  210.083
536.605,  227.565,  286.585,  224.383
536.736,  229.065,  276.785,  231.783
536.866,  231.065,  278.685,  229.583
536.997,  196.965,  255.785,  196.783
537.127,  222.065,  273.285,  217.982
537.258,  220.065,  270.885,  220.482
537.388,  228.865,  282.585,  223.182
537.519,  214.665,  261.885,  212.682
537.649,  229.965,  281.885,  229.783
537.779,  201.565,  254.885,  192.283
537.910,  235.165,  274.385,  228.083
538.040,  195.465,  252.085,  192.383
538.170,  242.565,  291.785,  237.682
538.301,  233.365,  280.585,  219.783
538.431,  254.065,  301.885,  246.883
538.561,  239.765,  282.485,  232.583
538.692,  228.165,  281.985,  218.682
538.822,  224.565,  267.285,  232.883
538.952,  229.765,  282.985,  229.182
539.082,  249.065,  301.085,  243.783
539.212,  224.365,  280.485,  235.883
539.343,  221.265,  268.585,  225.283
539.473,  235.365,  275.285,  226.383
539.603,  211.565,  260.385,  206.883
539.733,  210.165,  250.485,  204.283
539.863,  236.065,  291.185,  241.783
539.993,  250.865,  292.485,  237.982
540.123,  244.465,  278.585,  241.083
540.253,  238.165,  278.585,  238.783
540.384,  214.465,  271.185,  209.883
540.514,  210.565,  252.585,  203.682
540.644,  206.165,  246.885,  191.283
540.774,  225.965,  269.685,  225.583
540.904,  186.965,  222.385,  172.383
541.034,  230.865,  257.485,  215.982
541.164,  216.465,  259.785,  217.482
541.294,  226.665,  266.185,  224.083
541.423,  208.665,  238.685,  199.682
541.553,  226.065,  272.385,  226.283
541.683,  180.365,  219.785,  185.383
541.813,  245.865,  295.285,  233.583
541.943,  197.765,  237.085,  183.283
542.073,  205.865,  256.985,  195.783
542.203,  202.165,  249.985,  197.482
542.333,  204.165,  254.585,  202.182
542.462,  210.065,  254.885,  208.982
542.592,  193.365,  248.085,  186.583
542.722,  251.765,  288.685,  243.182
542.852,  242.565,  278.285,  227.083
542.981,  216.565,  245.285,  208.383
543.111,  215.965,  254.185,  209.583
543.241,  214.265,  256.485,  206.083
543.371,  217.165,  268.585,  210.982
543.500,  205.465,  246.485,  206.283
543.630,  210.365,  268.485,  210.883
543.760,  224.065,  255.785,  216.482
543.889,  195.965,  245.785,  195.682
544.019,  201.765,  233.085,  190.482
544.148,  222.965,  270.985,  218.283
544.278,  216.865,  259.185,  195.682
544.408,  226.465,  273.385,  213.982
544.537,  185.765,  232.385,  182.883
544.667,  245.865,  286.385,  227.682
544.796,  194.765,  232.485,  181.783
544.926,  233.365,  263.785,  201.383
545.055,  219.165,  249.085,  205.482
545.185,  245.465,  276.685,  229.283
545.314,  242.865,  238.085,  193.182
545.444,  259.265,  244.685,  190.283
545.573,  319.665,  255.885,  200.783
545.703,  392.365,  245.185,  185.283
545.832,  714.465,  267.785,  223.182
545.961, 1884.865,  271.485,  225.583
546.091, 6259.365,  225.985,  184.982
546.220, 2199.865,  277.885,  218.583
546.349,  306.965,  258.685,  214.883
546.479,  254.165,  260.585,  204.383
546.608,  220.965,  239.385,  189.083
546.737,  235.165,  262.685,  228.583
546.867,  224.865,  256.185,  212.583
546.996,  214.365,  244.585,  181.583
547.125,  195.165,  240.385,  193.182
547.254,  203.565,  248.285,  189.883
547.383,  216.065,  257.185,  207.783
547.513,  214.865,  252.785,  202.383
547.642,  195.565,  243.885,  185.783
547.771,  202.265,  247.385,  196.283
547.900,  208.965,  274.285,  213.583
548.029,  219.565,  263.985,  211.482
548.158,  200.565,  257.285,  204.182
548.288,  194.365,  247.785,  195.182
548.417,  202.265,  246.785,  197.682
548.546,  208.965,  265.485,  211.682
548.675,  189.665,  222.285,  177.283
548.804,  222.865,  261.785,  214.783
548.933,  191.665,  239.385,  187.482
549.062,  201.065,  238.885,  198.182
549.191,  204.965,  259.785,  201.883
549.320,  189.065,  248.185,  194.182
549.449,  229.565,  266.485,  213.682
549.578,  215.065,  248.385,  207.682
549.707,  220.965,  256.785,  205.783
549.836,  222.665,  264.385,  207.682
549.964,  209.865,  263.885,  208.783
550.093,  216.965,  260.885,  217.482
550.222,  212.165,  255.585,  212.783
550.351,  247.765,  279.985,  241.383
550.480,  219.065,  258.185,  206.682
550.609,  224.265,  265.385,  213.482
550.737,  223.165,  256.485,  207.182
550.866,  200.665,  263.685,  220.883
550.995,  227.365,  263.485,  217.083
551.124,  216.865,  268.085,  221.783
551.252,  224.165,  279.385,  235.383
551.381,  203.865,  255.785,  198.083
551.510,  210.365,  252.085,  200.682
551.639,  211.465,  263.785,  201.682
551.767,  204.365,  251.085,  207.383
551.896,  212.065,  267.985,  221.682
552.025,  208.365,  245.185,  199.482
552.153,  210.665,  261.385,  208.283
552.282,  237.565,  281.585,  237.883
552.410,  225.565,  278.585,  217.783
552.539,  227.165,  269.385,  221.383
552.667,  221.565,  281.285,  215.783
552.796,  208.865,  254.085,  192.682
552.925,  212.865,  248.285,  206.682
553.053,  192.365,  257.185,  204.482
553.182,  210.365,  261.085,  206.783
553.310,  185.565,  226.485,  184.583
553.438,  214.365,  264.185,  212.883
553.567,  196.465,  250.085,  198.982
553.695,  196.665,  245.085,  198.383
553.824,  199.765,  250.485,  198.383
553.952,  233.365,  277.385,  216.982
554.081,  218.565,  258.485,  208.283
554.209,  207.365,  265.885,  209.982
554.337,  219.365,  264.785,  209.883
554.466,  224.365,  267.785,  219.682
554.594,  218.165,  270.285,  219.883
554.722,  188.765,  242.285,  179.783
554.851,  188.565,  234.385,  177.783
554.979,  205.765,  255.085,  206.083
555.107,  232.565,  272.585,  225.182
555.235,  218.665,  274.185,  224.482
555.364,  212.565,  269.185,  222.283
555.492,  214.865,  264.885,  220.283
555.620,  205.965,  254.485,  200.682
555.748,  211.165,  260.085,  208.283
555.876,  200.065,  252.285,  200.283
556.004,  205.165,  250.585,  203.682
556.133,  218.965,  267.585,  211.083
556.261,  209.865,  258.585,  218.182
556.389,  207.165,  256.785,  209.982
556.517,  218.365,  264.385,  221.982
556.645,  177.265,  222.085,  181.283
556.773,  202.165,  250.685,  205.583
556.901,  233.565,  270.585,  219.482
557.029,  228.665,  259.185,  224.583
557.157,  178.465,  231.785,  186.283
557.285,  213.065,  241.685,  202.182
557.413,  180.465,  217.585,  175.482
557.541,  214.265,  257.285,  205.482
557.669,  211.265,  246.585,  199.682
557.797,  229.665,  279.185,  228.583
557.925,  211.065,  261.885,  209.182
558.052,  201.565,  259.185,  209.682
558.180,  210.665,  252.085,  207.982
558.308,  187.165,  246.485,  196.682
558.436,  179.765,  218.285,  170.783
558.564,  205.865,  256.085,  211.383
558.692,  205.265,  251.785,  200.982
558.819,  191.065,  239.685,  199.982
558.947,  157.665,  210.285,  155.583
559.075,  208.265,  258.285,  201.083
559.203,  220.265,  263.185,  211.682
559.330,  201.865,  250.385,  201.883
559.458,  195.265,  241.885,  198.482
559.586,  179.265,  221.885,  171.383
559.714,  210.665,  247.585,  207.883
559.841,  177.665,  227.285,  178.083
559.969,  188.565,  239.085,  194.083
560.096,  203.965,  265.085,  201.283
560.224,  195.265,  231.785,  186.283
560.352,  207.865,  249.285,  192.383
560.479,  202.665,  247.085,  196.482
560.607,  198.265,  246.985,  195.682
560.734,  203.865,  255.585,  187.083
560.862,  222.365,  252.785,  211.182
560.989,  174.665,  211.885,  164.182
561.117,  213.165,  258.185,  206.482
561.244,  202.665,  244.685,  194.083
561.372,  193.065,  238.985,  198.383
561.499,  214.365,  273.485,  214.283
561.627,  211.965,  252.185,  206.583
561.754,  217.065,  271.185,  203.982
561.882,  209.465,  245.485,  202.083
562.009,  186.465,  236.685,  187.682
562.136,  214.265,  260.885,  218.682
562.264,  205.865,  255.785,  198.583
562.391,  204.465,  251.085,  199.083
562.518,  224.865,  269.985,  212.982
562.646,  197.065,  237.385,  197.783
562.773,  184.565,  229.785,  179.482
562.900,  214.565,  260.485,  217.783
563.027,  201.265,  244.885,  191.182
563.155,  193.965,  246.185,  188.482
563.282,  200.165,  247.385,  196.182
563.409,  209.865,  267.785,  217.182
563.536,  201.065,  229.285,  191.482
563.663,  224.965,  278.085,  231.083
563.791,  207.865,  242.685,  190.482
563.918,  207.365,  252.785,  198.583
564.045,  219.765,  257.485,  219.283
564.172,  197.665,  251.485,  194.783
564.299,  192.665,  225.485,  185.783
564.426,  205.165,  258.085,  207.283
564.553,  217.665,  255.185,  187.583
564.680,  201.765,  251.385,  201.783
564.807,  192.965,  232.685,  186.283
564.934,  213.465,  250.685,  218.883
565.061,  219.065,  261.085,  207.682
565.188,  231.265,  269.585,  227.583
565.315,  186.865,  238.285,  177.682
565.442,  185.265,  232.385,  182.383
565.569,  208.365,  261.085,  204.982
565.696,  242.765,  280.685,  226.583
565.823,  217.865,  267.885,  211.982
565.950,  209.265,  259.385,  210.583
566.077,  222.665,  264.085,  232.182
566.203,  205.465,  251.285,  197.783
566.330,  211.965,  255.085,  201.383
566.457,  216.665,  259.285,  211.482
566.584,  197.665,  253.885,  195.083
566.711,  207.765,  249.885,  201.283
566.837,  226.865,  278.985,  227.383
566.964,  237.065,  285.385,  223.682
567.091,  205.365,  247.885,  199.783
567.218,  203.265,  250.385,  195.583
567.344,  233.465,  275.485,  224.783
567.471,  212.565,  266.885,  222.583
567.598,  206.265,  256.985,  198.182
567.724,  234.065,  268.485,  225.482
567.851,  194.165,  248.285,  201.283
567.978,  221.765,  263.285,  233.283
568.104,  204.865,  228.985,  189.783
568.231,  215.465,  264.885,  210.883
568.357,  201.965,  245.285,  197.383
568.484,  209.565,  262.785,  212.083
568.610,  177.665,  233.485,  178.383
568.737,  184.965,  223.885,  179.583
568.864,  180.365,  218.385,  183.783
568.990,  220.665,  264.185,  208.982
569.116,  188.365,  232.285,  181.783
569.243,  210.265,  253.385,  201.883
569.369,  184.265,  236.185,  169.482
569.496,  206.465,  253.185,  198.083
569.622,  203.065,  242.485,  197.482
569.749,  210.265,  253.485,  191.583
569.875,  173.665,  228.785,  166.482
570.001,  209.265,  258.585,  193.982
570.128,  209.865,  253.685,  210.883
570.254,  200.665,  261.185,  205.982
570.380,  195.465,  248.585,  196.383
570.507,  198.665,  239.585,  199.682
570.633,  213.065,  263.585,  218.482
570.759,  181.765,  226.485,  169.482
570.885,  197.065,  238.485,  186.883
571.012,  207.765,  257.585,  200.182
571.138,  187.665,  225.185,  179.883
571.264,  221.165,  264.185,  215.283
571.390,  227.665,  269.785,  221.283
571.516,  206.465,  250.385,  195.182
571.642,  190.865,  235.985,  182.083
571.769,  217.065,  262.085,  218.982
571.895,  196.065,  229.385,  190.383
572.021,  207.765,  242.385,  199.682
572.147,  178.465,  210.385,  180.083
572.273,  195.765,  242.885,  187.283
572.399,  221.865,  262.685,  211.982
572.525,  195.265,  250.685,  187.682
572.651,  202.465,  251.785,  208.383
572.777,  225.465,  264.285,  215.083
572.903,  209.465,  250.385,  203.283
573.029,  214.465,  253.385,  207.682
573.155,  195.865,  233.585,  197.982
573.281,  221.465,  270.885,  214.583
573.407,  191.865,  237.185,  192.482
573.533,  236.165,  275.085,  225.283
573.659,  216.665,  255.885,  208.982
573.784,  211.965,  240.985,  200.482
573.910,  199.965,  248.085,  191.783
574.036,  231.965,  272.485,  212.182
574.162,  190.965,  235.785,  186.283
574.288,  218.065,  265.585,  220.883
574.413,  204.165,  255.585,  193.182
574.539,  225.265,  271.485,  222.083
574.665,  214.665,  264.385,  205.982
574.791,  204.765,  256.785,  209.182
574.916,  226.465,  258.285,  220.283
575.042,  231.965,  265.085,  221.283
575.168,  221.165,  262.085,  219.083
575.293,  208.665,  261.085,  204.383
575.419,  224.565,  273.885,  218.083
575.545,  201.665,  254.985,  200.482
575.670,  229.465,  281.685,  236.182
575.796,  217.065,  268.985,  220.883
575.922,  222.865,  269.285,  223.283
576.047,  234.065,  272.285,  209.883
576.173,  222.665,  256.385,  207.182
576.298,  224.565,  263.485,  212.283
576.424,  215.865,  251.585,  196.182
576.549,  247.565,  267.585,  207.182
576.675,  298.665,  257.385,  212.083
576.800,  434.165,  253.385,  216.583
576.926, 1140.265,  257.185,  209.982
577.051, 1447.965,  272.085,  219.883
577.177,  256.265,  237.485,  191.783
577.302,  249.365,  286.085,  234.583
577.427,  201.065,  243.185,  194.283
577.553,  216.665,  259.985,  205.783
577.678,  221.265,  256.585,  224.383
577.803,  230.965,  283.885,  215.083
577.929,  203.265,  246.885,  186.883
578.054,  198.465,  230.985,  189.083
578.179,  233.065,  292.185,  226.583
578.305,  241.365,  276.685,  237.783
578.430,  208.865,  235.585,  195.982
578.555,  222.365,  245.285,  202.783
578.680,  238.065,  233.285,  192.783
578.805,  316.465,  258.785,  207.083
578.931,  538.865,  264.385,  217.482
579.056, 1470.365,  255.385,  200.982
579.181, 1134.465,  232.885,  195.283
579.306,  244.965,  230.185,  194.982
579.431,  214.565,  239.085,  201.783
579.556,  182.765,  228.385,  168.783
579.681,  216.965,  257.385,  212.982
579.806,  224.365,  262.285,  211.182
579.931,  218.565,  259.285,  208.383
580.057,  232.965,  268.685,  219.182
580.182,  215.165,  255.685,  195.383
580.307,  212.665,  254.485,  207.783
580.432,  227.565,  252.685,  221.383
580.557,  205.765,  249.085,  198.182
580.681,  201.065,  236.685,  198.482
580.806,  224.465,  264.185,  212.482
580.931,  207.365,  255.285,  203.283
581.056,  219.165,  261.185,  216.482
581.181,  198.665,  247.385,  190.482
581.306,  210.565,  254.885,  198.583
581.431,  183.165,  240.985,  192.982
581.556,  205.265,  252.585,  207.482
581.680,  208.965,  249.685,  210.083
581.805,  208.165,  260.685,  205.783
581.930,  201.865,  248.685,  195.783
582.055,  217.165,  274.385,  200.883
582.180,  235.065,  271.285,  219.982
582.304,  203.365,  251.085,  189.883
582.429,  214.865,  260.985,  216.583
582.554,  232.065,  268.185,  221.783
582.678,  194.265,  246.885,  195.583
582.803,  210.065,  254.685,  205.583
582.928,  189.065,  224.785,  168.783
583.052,  191.565,  248.185,  186.783
583.177,  231.265,  262.385,  220.982
583.302,  193.665,  242.385,  191.383
583.426,  229.865,  270.185,  227.283
583.551,  195.565,  234.685,  188.883
583.675,  215.465,  271.385,  212.682
583.800,  201.765,  245.485,  192.182
583.924,  205.265,  258.585,  209.982
584.049,  215.865,  260.985,  193.883
584.173,  201.465,  249.585,  213.083
584.298,  212.265,  260.985,  208.783
584.422,  198.465,  243.785,  189.283
584.547,  226.865,  279.685,  229.783
584.671,  224.265,  264.485,  210.283
584.796,  236.265,  280.085,  243.182
584.920,  197.565,  246.585,  199.182
585.044,  213.965,  261.785,  206.482
585.169,  214.565,  258.585,  201.682
585.293,  223.865,  271.285,  214.383
585.417,  201.765,  244.785,  198.482
585.542,  209.465,  271.485,  219.583
585.666,  229.865,  269.185,  218.982
585.790,  208.565,  257.885,  197.583
585.914,  236.065,  270.085,  217.982
586.039,  234.865,  284.585,  229.383
586.163,  205.965,  260.785,  218.083
586.287,  215.965,  254.285,  206.083
586.411,  235.865,  269.385,  220.283
586.535,  215.165,  254.685,  204.482
586.659,  215.365,  282.885,  211.883
586.784,  209.665,  258.985,  201.982
586.908,  216.165,  261.485,  208.083
587.032,  230.465,  272.785,  228.982
587.156,  214.865,  264.185,  220.182
587.280,  206.065,  245.685,  200.883
587.404,  255.865,  295.485,  251.083
587.528,  205.665,  251.885,  206.883
587.652,  225.365,  273.285,  223.182
587.776,  216.565,  264.085,  211.982
587.900,  221.565,  264.285,  210.682
588.024,  235.565,  295.685,  242.982
588.148,  232.465,  288.985,  225.182
588.272,  224.365,  271.885,  215.283
588.396,  204.265,  249.685,  202.182
588.520,  229.265,  282.085,  239.682
588.644,  225.665,  258.585,  212.182
588.767,  249.665,  299.185,  240.982
588.891,  238.665,  260.485,  220.482
589.015,  218.965,  274.985,  221.883
589.139,  213.865,  257.385,  204.083
589.263,  235.665,  285.685,  231.783
589.387,  206.065,  248.185,  199.182
589.510,  226.265,  273.185,  218.482
589.634,  243.865,  286.585,  241.783
589.758,  201.365,  241.685,  193.083
589.881,  222.065,  268.185,  219.783
590.005,  234.365,  290.585,  231.383
590.129,  205.665,  267.485,  199.883
590.253,  216.865,  272.485,  221.283
590.376,  231.965,  278.585,  227.083
590.500,  229.765,  275.185,  239.083
590.623,  206.165,  245.985,  205.383
590.747,  232.265,  277.785,  215.583
590.871,  225.565,  278.285,  232.783
590.994,  236.065,  279.785,  228.583
591.118,  252.365,  292.185,  245.182
591.241,  216.265,  267.085,  201.083
591.365,  240.365,  299.485,  239.682
591.488,  228.865,  284.685,  230.583
591.612,  202.065,  256.985,  207.982
591.735,  229.565,  294.585,  235.883
591.859,  227.465,  268.585,  237.083
591.982,  229.465,  280.185,  231.883
592.105,  219.365,  270.585,  217.083
592.229,  234.465,  286.185,  231.182
592.352,  223.465,  257.485,  211.982
592.476,  231.965,  270.485,  223.283
592.599,  215.665,  261.385,  206.682
592.722,  237.165,  277.985,  222.583
592.845,  242.365,  282.585,  234.583
592.969,  240.465,  294.685,  245.283
593.092,  233.865,  269.385,  225.482
593.215,  227.565,  277.085,  234.182
593.339,  212.765,  260.885,  198.883
593.462,  201.365,  260.985,  194.883
593.585,  214.865,  255.685,  213.682
593.708,  221.965,  264.585,  218.982
593.831,  216.565,  242.785,  196.583
593.954,  218.165,  271.785,  221.682
594.078,  214.165,  268.685,  207.682
594.201,  207.765,  257.485,  211.783
594.324,  203.665,  255.685,  206.682
594.447,  221.865,  260.885,  221.583
594.570,  213.865,  262.285,  213.083
594.693,  223.065,  267.785,  221.283
594.816,  206.265,  234.585,  191.182
594.939,  210.665,  269.385,  207.283
595.062,  231.865,  267.685,  221.083
595.185,  184.065,  235.085,  186.182
595.308,  241.865,  298.785,  251.682
595.431,  208.565,  257.285,  209.182
595.554,  196.265,  247.085,  197.883
595.677,  202.665,  252.885,  208.982
595.800,  180.565,  217.785,  168.883
595.923,  239.065,  273.685,  223.783
596.045,  220.565,  259.985,  216.182
596.168,  192.965,  236.785,  186.583
596.291,  179.965,  218.785,  174.083
596.414,  188.865,  236.485,  195.482
596.537,  200.065,  250.985,  202.083
596.659,  195.765,  246.285,  192.783
596.782,  198.665,  242.885,  202.682
596.905,  212.665,  262.285,  212.583
597.028,  187.165,  228.285,  182.783
597.150,  203.365,  254.385,  204.083
597.273,  198.165,  248.185,  207.083
597.396,  196.665,  241.885,  184.583
597.518,  213.865,  269.085,  220.383
597.641,  205.465,  252.685,  207.182
597.764,  205.465,  236.885,  200.383
597.886,  207.065,  253.685,  207.583
598.009,  205.665,  250.785,  212.982
598.131,  202.565,  250.185,  197.083
598.254,  181.265,  217.985,  176.083
598.377,  200.465,  259.685,  206.682
598.499,  217.665,  257.085,  214.482
598.622,  207.265,  249.585,  200.482
598.744,  209.165,  252.085,  202.783
598.867,  208.465,  253.785,  205.083
598.989,  188.965,  216.885,  185.682
599.111,  181.565,  234.885,  180.083
599.234,  217.765,  272.585,  218.283
599.356,  214.665,  261.485,  208.283
599.479,  231.265,  269.585,  228.383
599.601,  216.265,  271.285,  219.083
599.723,  217.065,  259.185,  208.182
599.846,  222.165,  275.685,  228.783
599.968,  206.965,  240.885,  200.083
600.090,  210.965,  251.985,  205.783
600.213,  193.965,  247.485,  191.883
600.335,  207.365,  258.085,  211.682
600.457,  226.265,  268.385,  212.783
600.579,  208.665,  248.385,  207.783
600.702,  202.265,  247.085,  202.182
600.824,  239.165,  276.085,  234.083
600.946,  204.665,  247.485,  196.682
601.068,  210.665,  259.085,  204.482
601.190,  207.565,  255.285,  196.583
601.312,  209.065,  261.985,  207.982
601.434,  217.765,  261.185,  210.682
601.557,  198.065,  248.485,  194.783
601.679,  218.365,  257.285,  206.982
601.801,  209.865,  248.585,  202.083
601.923,  215.365,  266.385,  213.182
602.045,  204.765,  263.985,  194.583
602.167,  200.365,  248.085,  209.283
602.289,  202.365,  249.685,  191.383
602.411,  215.665,  261.485,  210.083
602.533,  197.965,  240.685,  197.783
602.655,  220.365,  262.785,  203.383
602.777,  216.365,  251.585,  208.982
602.898,  212.665,  247.185,  207.682
603.020,  183.065,  211.985,  168.982
603.142,  235.765,  253.985,  223.982
603.264,  248.365,  259.685,  219.883
603.386,  206.165,  241.785,  194.283
603.508,  208.565,  250.085,  208.682
603.630,  211.065,  255.085,  195.883
603.751,  205.665,  263.185,  211.083
603.873,  217.665,  260.985,  207.682
603.995,  230.265,  268.685,  220.682
604.117,  208.165,  255.485,  210.783
604.238,  225.565,  265.785,  205.982
604.360,  213.565,  244.885,  208.783
604.482,  231.965,  298.585,  230.783
604.603,  208.365,  253.485,  207.783
604.725,  244.465,  278.285,  224.583
604.847,  205.165,  246.285,  196.383
604.968,  229.465,  269.485,  227.383
605.090,  180.765,  233.485,  189.682
605.211,  209.265,  255.785,  212.083
605.333,  199.665,  244.485,  192.583
605.454,  214.165,  252.285,  214.083
605.576,  204.565,  251.685,  200.283
605.697,  215.165,  274.385,  212.583
605.819,  211.465,  256.985,  210.383
605.940,  180.565,  247.485,  178.383
606.062,  207.765,  253.585,  202.482
606.183,  225.465,  272.885,  232.083
606.305,  208.565,  247.785,  216.383
606.426,  198.365,  243.785,  198.182
606.547,  214.965,  250.285,  204.783
606.669,  182.065,  221.985,  163.583
606.790,  203.165,  245.085,  192.682
606.912,  200.365,  235.585,  188.283
607.033,  215.565,  250.785,  209.283
607.154,  246.065,  287.085,  229.182
607.275,  201.065,  244.685,  191.383
607.397,  189.365,  242.785,  195.783
607.518,  211.465,  241.485,  201.383
607.639,  197.365,  254.785,  195.982
607.760,  207.565,  248.185,  207.283
607.882,  220.165,  260.885,  212.682
608.003,  211.265,  243.785,  200.583
608.124,  223.665,  257.985,  209.583
608.245,  218.165,  256.885,  211.182
608.366,  223.965,  272.285,  216.182
608.487,  222.765,  271.685,  216.083
608.608,  238.465,  284.785,  232.482
608.729,  230.865,  262.385,  217.682
608.851,  229.265,  261.685,  217.482
608.972,  201.065,  256.485,  202.182
609.093,  219.665,  275.785,  229.883
609.214,  203.165,  238.185,  201.883
609.335,  218.765,  268.385,  227.783
609.456,  186.865,  239.685,  189.083
609.576,  210.065,  259.885,  214.482
609.697,  224.565,  275.385,  220.883
609.818,  229.965,  264.785,  231.883
609.939,  210.165,  250.085,  215.083
610.060,  221.465,  263.785,  219.883
610.181,  206.465,  260.585,  204.783
610.302,  220.965,  265.885,  223.583
610.423,  208.665,  253.385,  198.682
610.544,  220.165,  261.585,  223.883
610.664,  202.965,  246.985,  196.583
610.785,  231.565,  281.985,  236.083
610.906,  243.065,  289.785,  250.883
611.027,  225.165,  268.485,  214.383
611.147,  222.965,  259.285,  219.083
611.268,  235.365,  280.885,  232.482
611.389,  157.565,  204.485,  160.083
611.509,  236.765,  284.385,  245.383
611.630,  201.465,  242.685,  192.083
611.751,  239.065,  279.185,  239.583
611.871,  238.965,  293.485,  240.583
611.992,  201.165,  266.485,  205.783
612.112,  210.265,  255.085,  206.583
612.233,  233.165,  285.885,  225.583
612.354,  209.865,  272.785,  209.482
612.474,  257.765,  293.085,  246.982
612.595,  229.365,  274.585,  227.182
612.715,  233.765,  262.585,  227.982
612.836,  202.165,  242.585,  204.083
612.956,  208.865,  251.985,  200.482
613.077,  220.265,  258.385,  215.583
613.197,  201.565,  247.985,  206.283
613.317,  201.865,  253.285,  206.982
613.438,  215.565,  265.785,  217.982
613.558,  216.965,  260.585,  215.383
613.678,  202.465,  240.885,  194.783
613.799,  216.265,  261.085,  214.583
613.919,  211.165,  264.885,  210.783
614.039,  222.265,  256.785,  196.883
614.160,  232.265,  281.285,  240.482
614.280,  219.965,  254.185,  211.383
614.400,  201.565,  248.285,  185.083
614.521,  212.865,  258.085,  201.383
614.641,  214.165,  257.985,  220.682
614.761,  227.665,  271.485,  219.383
614.881,  227.865,  265.385,  224.383
615.001,  200.965,  265.885,  201.682
615.121,  222.165,  270.585,  205.383
615.242,  205.065,  244.485,  195.982
615.362,  209.165,  261.385,  203.482
615.482,  199.665,  239.085,  195.283
615.602,  229.565,  269.985,  219.083
615.722,  217.565,  263.785,  212.583
615.842,  210.465,  257.785,  217.583
615.962,  214.865,  256.285,  207.083
616.082,  202.765,  257.785,  203.182
616.202,  219.265,  261.185,  211.283
616.322,  213.065,  254.785,  205.383
616.442,  209.365,  262.085,  206.182
616.562,  233.065,  269.685,  218.982
616.682,  203.465,  251.485,  202.883
616.802,  200.865,  241.585,  208.083
616.922,  221.865,  268.885,  216.182
617.041,  203.165,  252.485,  202.583
617.161,  195.665,  244.785,  191.883
617.281,  205.865,  253.585,  216.883
617.401,  238.365,  284.185,  232.083
617.521,  211.065,  262.685,  208.182
617.640,  230.865,  263.285,  213.583
617.760,  211.365,  263.685,  212.783
617.880,  204.665,  254.085,  192.182
618.000,  210.265,  246.885,  204.182
618.119,  208.965,  252.085,  202.283
618.239,  208.965,  267.285,  216.283
618.359,  190.665,  223.985,  179.482
618.478,  187.465,  239.685,  185.682
618.598,  211.165,  261.685,  200.583
618.718,  213.865,  256.985,  215.783
618.837,  186.665,  224.985,  182.283
618.957,  196.465,  248.485,  200.283
619.076,  190.865,  239.085,  190.182
619.196,  201.265,  244.285,  191.883
619.315,  206.665,  245.685,  207.682
619.435,  206.765,  253.885,  198.283
619.555,  196.665,  252.385,  203.583
619.674,  209.565,  259.585,  213.283
619.793,  201.465,  256.785,  208.783
619.913,  201.465,  246.485,  191.682
620.032,  199.665,  253.485,  203.083
620.152,  202.265,  257.485,  205.482
620.271,  216.865,  274.085,  216.283
620.391,  217.865,  260.085,  208.482
620.510,  191.065,  234.185,  192.383
620.629,  209.065,  260.185,  211.383
620.749,  191.665,  233.785,  189.283
620.868,  190.365,  231.385,  190.883
620.987,  202.065,  239.885,  208.482
621.106,  204.365,  250.585,  205.182
621.226,  202.865,  256.185,  204.883
621.345,  204.465,  241.185,  199.883
621.464,  208.665,  226.285,  207.783
621.583,  196.565,  248.985,  192.482
621.702,  211.665,  263.885,  226.182
621.822,  207.865,  261.885,  207.783
621.941,  210.865,  245.985,  205.982
622.060,  201.765,  253.385,  189.083
622.179,  199.465,  240.085,  195.682
622.298,  204.565,  257.285,  198.383
622.417,  202.765,  241.685,  202.682
622.536,  205.265,  249.085,  207.883
622.655,  212.965,  255.685,  211.383
622.774,  202.465,  248.485,  191.883
622.893,  220.465,  270.585,  217.783
623.012,  212.465,  268.785,  215.383
623.131,  194.265,  237.485,  189.283
623.250,  216.665,  262.285,  218.482
623.369,  218.665,  264.885,  211.783
623.488,  211.965,  261.585,  205.283
623.607,  175.465,  215.885,  184.083
623.726,  213.165,  238.385,  191.482
623.845,  192.965,  231.385,  187.383
623.964,  200.665,  252.085,  208.982
624.082,  206.765,  261.485,  201.383
624.201,  203.365,  266.585,  212.982
624.320,  231.865,  262.885,  220.682
624.439,  194.665,  246.785,  195.182
624.557,  191.365,  250.985,  197.883
624.676,  191.165,  240.885,  192.883
624.795,  222.065,  261.985,  220.482
624.914,  236.565,  285.885,  237.182
625.032,  198.865,  245.485,  202.383
625.151,  195.465,  254.785,  197.383
625.270,  179.065,  235.185,  188.182
625.388,  207.765,  258.585,  212.383
625.507,  210.065,  264.885,  205.482
625.625,  208.765,  249.685,  208.583
625.744,  216.065,  258.185,  212.783
625.863,  196.865,  250.685,  208.283
625.981,  215.265,  260.085,  215.583
626.100,  195.965,  230.885,  188.583
626.218,  211.865,  255.185,  214.783
626.337,  224.765,  285.285,  226.682
626.455,  207.465,  252.985,  212.682
626.573,  208.665,  249.185,  201.283
626.692,  207.865,  252.885,  206.482
626.810,  204.265,  257.985,  203.383
626.929,  195.665,  252.585,  200.883
627.047,  215.765,  270.285,  211.182
627.165,  191.065,  252.585,  202.482
627.284,  218.765,  258.585,  214.982
627.402,  208.465,  232.385,  200.083
627.520,  205.465,  263.885,  203.883
627.639,  218.765,  247.385,  218.283
627.757,  212.065,  269.385,  215.482
627.875,  209.365,  261.885,  206.182
627.994,  196.965,  263.085,  215.783
628.112,  208.065,  255.285,  209.883
628.230,  213.765,  250.885,  207.783
628.348,  229.365,  260.385,  209.982
628.466,  206.665,  251.985,  194.783
628.584,  195.965,  249.185,  195.783
628.703,  216.165,  265.885,  215.783
628.821,  235.465,  279.885,  229.682
628.939,  229.365,  269.785,  243.083
629.057,  229.965,  283.285,  234.883
629.175,  216.265,  255.385,  203.482
629.293,  220.165,  276.185,  227.383
629.411,  203.265,  263.385,  204.482
629.529,  208.665,  248.185,  204.583
629.647,  196.765,  249.785,  199.283
629.765,  201.465,  249.185,  208.482
629.883,  191.565,  235.585,  203.883
630.001,  242.765,  288.485,  249.283
630.119,  228.065,  276.685,  225.583
630.237,  205.865,  248.385,  197.482
630.354,  217.265,  261.185,  214.182
630.472,  224.965,  267.785,  207.883
630.590,  229.265,  275.485,  231.682
630.708,  210.665,  243.085,  203.583
630.826,  217.665,  247.985,  208.383
630.944,  213.465,  252.285,  205.383
631.061,  199.465,  250.085,  194.083
631.179,  218.665,  255.885,  217.583
631.297,  232.865,  273.285,  204.583
631.415,  205.665,  249.285,  208.283
631.532,  200.865,  251.385,  204.682
631.650,  212.065,  274.585,  219.482
631.768,  206.465,  249.285,  199.982
631.885,  215.065,  266.185,  216.482
632.003,  181.365,  245.685,  194.383
632.120,  202.865,  243.585,  201.283
632.238,  208.065,  259.985,  206.883
632.356,  221.465,  260.985,  201.783
632.473,  225.965,  270.785,  227.883
632.591,  206.265,  252.685,  209.383
632.708,  211.465,  265.885,  227.283
632.826,  182.965,  236.585,  182.583
632.943,  182.565,  228.685,  189.883
633.061,  214.365,  247.685,  202.682
633.178,  216.465,  262.285,  210.583
633.296,  215.465,  257.485,  211.383
633.413,  211.365,  255.385,  212.083
633.530,  231.265,  273.985,  216.083
633.648,  223.465,  277.185,  220.083
633.765,  198.865,  251.085,  211.982
633.882,  190.065,  238.585,  193.383
634.000,  210.465,  260.985,  207.383
634.117,  214.465,  265.285,  216.482
634.234,  224.065,  265.485,  233.283
634.352,  255.065,  288.985,  254.283
634.469,  202.865,  248.985,  198.383
634.586,  210.765,  257.085,  202.283
634.703,  213.465,  263.285,  210.682
634.820,  220.665,  277.785,  215.583
634.938,  215.565,  256.085,  207.982
635.055,  225.765,  273.385,  213.982
635.172,  231.865,  277.485,  219.482
635.289,  213.265,  261.285,  215.682
635.406,  234.865,  277.585,  226.682
635.523,  218.965,  272.785,  220.283
635.640,  207.365,  263.785,  197.583
635.757,  249.765,  292.885,  234.982
635.874,  241.365,  292.585,  246.883
635.991,  208.865,  252.885,  203.583
636.108,  212.065,  260.885,  201.083
636.225,  222.265,  274.685,  218.283
636.342,  223.165,  254.485,  195.682
636.459,  201.865,  250.985,  207.083
636.576,  233.065,  289.385,  231.482
636.693,  218.065,  283.785,  226.083
636.810,  217.865,  269.085,  205.482
636.927,  205.865,  239.585,  189.283
637.044,  198.065,  256.485,  192.883
637.161,  219.165,  253.785,  215.583
637.277,  209.465,  245.285,  201.583
637.394,  220.265,  256.785,  200.182
637.511,  223.465,  279.385,  233.682
637.628,  202.565,  250.085,  204.482
637.745,  209.265,  237.685,  191.883
637.861,  196.365,  245.985,  202.083
637.978,  206.165,  253.985,  192.283
638.095,  230.365,  272.285,  225.982
638.211,  178.165,  221.685,  184.283
638.328,  214.565,  264.285,  207.482
638.445,  227.865,  263.785,  217.583
638.561,  217.765,  254.485,  210.583
638.678,  202.565,  242.785,  205.283
638.794,  211.765,  258.685,  210.982
638.911,  197.565,  248.185,  206.482
639.027,  191.665,  235.285,  181.182
639.144,  204.265,  246.085,  198.783
639.260,  233.365,  271.085,  225.783
639.377,  180.465,  233.085,  181.982
639.493,  211.465,  259.985,  212.583
639.610,  213.665,  248.285,  199.383
639.726,  224.165,  258.885,  225.682
639.843,  180.265,  225.885,  182.883
639.959,  200.065,  247.485,  191.283
640.076,  192.765,  248.585,  204.083
640.192,  213.365,  265.585,  213.283
640.308,  220.665,  266.285,  216.283
640.425,  213.165,  268.985,  214.182
640.541,  199.865,  262.285,  208.982
640.657,  178.765,  234.985,  180.283
640.773,  193.065,  239.485,  192.583
640.890,  214.065,  251.885,  206.182
641.006,  192.365,  234.085,  188.182
641.122,  200.665,  252.585,  188.682
641.238,  218.065,  264.085,  214.982
641.354,  185.165,  235.685,  183.182
641.471,  203.065,  235.485,  186.883
641.587,  242.765,  278.285,  217.883
641.703,  229.765,  264.785,  201.583
641.819,  202.465,  242.485,  185.283
641.935,  207.065,  260.185,  210.182
642.051,  224.065,  287.885,  230.583
642.167,  196.765,  233.985,  190.383
642.283,  224.765,  261.585,  212.883
642.399,  210.465,  262.685,  199.283
642.515,  215.665,  255.985,  212.283
642.631,  236.065,  282.285,  229.583
642.747,  225.365,  265.485,  221.583
642.863,  216.065,  262.385,  210.383
642.979,  204.265,  253.185,  196.083
643.095,  192.565,  238.885,  198.482
643.211,  229.765,  280.085,  218.783
643.327,  212.565,  245.885,  196.783
643.443,  210.465,  263.385,  201.982
643.558,  173.865,  232.485,  183.482
643.674,  208.865,  253.085,  201.283
643.790,  200.865,  243.585,  197.383
643.906,  208.865,  263.385,  220.783
644.022,  204.065,  247.685,  205.783
644.137,  209.965,  250.985,  203.283
644.253,  217.465,  266.685,  217.383
644.369,  210.465,  263.785,  204.783
644.484,  189.365,  237.485,  188.083
644.600,  211.565,  257.485,  209.383
644.716,  222.765,  266.685,  203.682
644.831,  195.565,  245.585,  194.083
644.947,  225.865,  279.985,  215.283
645.063,  213.565,  263.185,  214.682
645.178,  200.165,  259.485,  206.682
645.294,  185.165,  228.985,  186.883
645.409,  198.265,  255.985,  200.083
645.525,  220.265,  261.685,  220.482
645.640,  215.465,  260.185,  211.083
645.756,  211.365,  268.485,  219.783
645.871,  219.365,  263.285,  209.083
645.987,  196.965,  241.885,  194.083
646.102,  190.365,  228.785,  186.883
646.217,  203.965,  265.785,  202.482
646.333,  196.865,  260.585,  198.383
646.448,  199.665,  253.285,  200.682
646.564,  216.665,  269.185,  216.283
646.679,  196.165,  241.985,  183.083
646.794,  214.265,  256.685,  214.583
646.910,  200.065,  254.885,  198.583
647.025,  218.665,  262.285,  205.182
647.140,  206.765,  259.185,  212.982
647.255,  220.165,  271.485,  217.883
647.371,  225.265,  272.685,  222.182
647.486,  180.965,  236.085,  182.283
647.601,  217.065,  270.885,  210.182
647.716,  203.665,  252.085,  197.583
647.831,  208.765,  262.385,  210.783
647.946,  193.565,  242.385,  199.182
648.062,  195.165,  254.585,  201.982
648.177,  211.965,  260.985,  207.982
648.292,  219.765,  277.085,  222.083
648.407,  220.365,  266.185,  215.383
648.522,  225.765,  267.085,  222.583
648.637,  198.465,  252.085,  199.883
648.752,  210.265,  259.885,  211.783
648.867,  205.965,  252.485,  213.482
648.982,  209.765,  262.485,  202.383
649.097,  218.365,  258.785,  203.182
649.212,  208.765,  256.785,  203.482
649.327,  194.265,  238.585,  185.283
649.441,  221.065,  270.885,  230.482
649.556,  208.365,  255.885,  195.482
649.671,  195.965,  248.285,  194.783
649.786,  208.965,  261.785,  209.283
649.901,  197.865,  241.185,  198.182
650.016,  219.665,  266.085,  213.482
650.130,  196.965,  248.985,  194.883
650.245,  200.465,  250.585,  204.982
650.360,  211.865,  256.085,  213.083
650.475,  180.165,  216.685,  178.583
650.589,  182.365,  235.285,  184.783
650.704,  207.865,  254.985,  213.783
650.819,  222.465,  272.285,  211.283
650.933,  213.465,  258.785,  197.982
651.048,  223.265,  271.285,  211.182
651.163,  209.765,  254.785,  206.783
651.277,  216.565,  265.485,  213.583
651.392,  237.665,  289.385,  240.283
651.506,  204.765,  251.385,  197.083
651.621,  189.765,  245.885,  196.383
651.735,  196.865,  251.685,  193.383
651.850,  197.965,  243.485,  183.482
651.964,  201.365,  253.485,  195.482
652.079,  220.265,  262.685,  209.182
652.193,  198.765,  262.085,  195.482
652.308,  221.765,  262.685,  222.783
652.422,  212.365,  257.285,  204.083
652.537,  200.765,  243.585,  205.283
652.651,  203.265,  272.385,  213.583
652.765,  194.465,  245.785,  191.583
652.880,  213.265,  257.985,  208.982
652.994,  217.865,  262.485,  214.083
653.108,  189.565,  253.485,  197.182
653.223,  220.865,  264.085,  216.083
653.337,  203.365,  251.785,  208.482
653.451,  223.565,  275.685,  214.982
653.565,  203.265,  251.885,  208.182
653.680,  214.565,  272.885,  223.283
653.794,  225.365,  269.485,  210.383
653.908,  191.465,  250.885,  194.283
654.022,  209.665,  252.185,  203.482
654.136,  215.465,  255.985,  208.982
654.250,  206.465,  258.485,  211.083
654.364,  204.465,  253.885,  193.182
654.479,  227.265,  273.185,  213.682
654.593,  209.065,  244.785,  197.383
654.707,  222.865,  277.385,  214.182
654.821,  201.865,  246.985,  199.883
654.935,  188.765,  236.385,  189.083
655.049,  206.465,  254.685,  204.182
655.163,  211.365,  270.085,  213.583
655.277,  208.165,  254.485,  199.482
655.391,  223.165,  257.985,  215.682
655.504,  210.665,  255.085,  195.482
655.618,  207.965,  254.485,  199.583
655.732,  194.665,  252.685,  201.682
655.846,  200.165,  244.285,  198.182
655.960,  226.065,  283.985,  224.383
656.074,  198.865,  257.185,  196.482
656.188,  198.265,  249.285,  196.982
656.301,  227.065,  272.785,  221.783
656.415,  221.065,  271.985,  221.482
656.529,  212.965,  256.285,  217.982
656.643,  214.965,  253.685,  233.982
656.756,  203.265,  253.985,  197.583
656.870,  196.465,  252.085,  200.283
656.984,  200.265,  257.385,  205.083
657.097,  193.065,  251.285,  198.083
657.211,  200.865,  261.085,  192.982
657.325,  206.265,  253.185,  215.383
657.438,  196.965,  239.185,  199.883
657.552,  222.665,  271.885,  226.783
657.665,  213.965,  278.885,  224.883
657.779,  199.265,  247.885,  200.783
657.892,  208.565,  257.485,  209.283
658.006,  185.965,  226.185,  178.682
658.119,  205.265,  280.785,  222.883
658.233,  184.365,  240.285,  193.182
658.346,  206.765,  262.985,  209.083
658.460,  216.565,  263.285,  221.783
658.573,  219.865,  273.685,  214.982
658.686,  190.165,  241.985,  210.783
658.800,  247.465,  296.985,  249.783
658.913,  210.865,  257.185,  214.583
659.026,  206.165,  259.185,  212.783
659.140,  199.965,  258.085,  200.383
659.253,  205.665,  258.985,  201.482
659.366,  219.965,  276.185,  222.883
659.480,  204.965,  245.685,  194.883
659.593,  258.265,  296.285,  248.283
659.706,  211.665,  268.385,  212.083
659.819,  213.265,  261.385,  212.682
659.932,  211.565,  259.285,  207.583
660.046,  206.465,  254.185,  208.182
660.159,  208.365,  262.285,  207.283
660.272,  196.965,  241.885,  186.682
660.385,  227.365,  273.585,  216.482
660.498,  240.665,  256.485,  224.783
660.611,  201.065,  248.285,  202.482
660.724,  226.465,  278.785,  216.883
660.837,  231.265,  267.985,  213.383
660.950,  226.165,  279.085,  223.883
661.063,  223.965,  269.385,  220.783
661.176,  210.865,  255.185,  211.883
661.289,  211.965,  262.885,  216.583
661.402,  200.465,  248.085,  189.583
661.515,  222.665,  275.585,  219.783
661.628,  194.565,  252.485,  198.982
661.741,  227.465,  277.785,  231.682
661.854,  201.065,  250.385,  204.682
661.967,  206.665,  253.185,  198.083
662.079,  209.065,  258.085,  211.583
662.192,  202.765,  255.785,  208.982
662.305,  197.365,  239.885,  194.383
662.418,  197.565,  239.785,  196.083
662.531,  219.065,  270.985,  214.883
662.643,  231.765,  276.685,  225.982
662.756,  206.065,  248.585,  191.883
662.869,  210.965,  256.785,  203.482
662.981,  224.165,  278.385,  232.482
663.094,  207.965,  263.185,  208.783
663.207,  226.365,  274.585,  227.982
663.319,  220.065,  267.485,  214.783
663.432,  225.965,  261.585,  211.182
663.544,  237.165,  287.785,  242.883
663.657,  194.265,  240.185,  191.682
663.770,  231.865,  283.585,  229.682
663.882,  219.365,  261.885,  218.783
663.995,  225.465,  272.185,  215.883
664.107,  227.265,  270.385,  227.383
664.220,  225.865,  273.485,  224.083
664.332,  223.465,  275.185,  222.482
664.444,  217.365,  261.485,  218.283
664.557,  238.265,  293.685,  235.083
664.669,  232.565,  274.585,  225.083
664.782,  214.165,  267.085,  220.283
664.894,  221.365,  264.885,  224.283
665.006,  227.765,  282.185,  225.283
665.119,  271.665,  325.985,  262.783
665.231,  199.565,  255.785,  204.982
665.343,  229.565,  272.985,  219.583
665.456,  227.865,  279.485,  221.682
665.568,  240.165,  305.385,  235.482
665.680,  203.665,  249.985,  203.682
665.792,  215.565,  265.685,  215.083
665.904,  207.865,  256.385,  212.982
666.017,  226.665,  288.985,  223.482
666.129,  244.065,  279.285,  233.682
666.241,  255.165,  295.585,  245.682
666.353,  243.665,  296.485,  253.482
666.465,  247.265,  285.185,  245.982
666.577,  195.265,  247.985,  192.682
666.689,  221.365,  272.385,  212.883
666.801,  220.065,  276.585,  237.583
666.913,  211.965,  261.285,  208.283
667.025,  239.065,  284.785,  237.982
667.137,  227.365,  267.185,  224.583
667.249,  222.665,  268.985,  226.583
667.361,  246.565,  289.585,  232.583
667.473,  261.665,  298.585,  249.182
667.585,  274.365,  306.285,  249.482
667.697,  292.065,  278.685,  229.682
667.809,  232.465,  251.985,  211.283
667.921,  216.265,  272.485,  216.283
668.032,  226.665,  282.985,  217.482
668.144,  220.565,  267.785,  218.883
668.256,  215.565,  281.785,  226.783
668.368,  223.765,  266.585,  203.883
668.479,  198.865,  262.985,  211.982
668.591,  235.565,  283.385,  227.383
668.703,  243.965,  297.785,  248.482
668.815,  245.065,  289.085,  235.982
668.926,  230.865,  284.285,  226.682
669.038,  225.765,  273.585,  217.982
669.150,  221.165,  264.285,  220.182
669.261,  221.665,  271.185,  227.583
669.373,  237.365,  292.485,  239.783
669.484,  223.565,  278.785,  232.283
669.596,  251.765,  297.985,  245.783
669.708,  245.565,  283.085,  244.482
669.819,  227.365,  278.585,  228.583
669.931,  236.765,  288.785,  235.182
670.042,  209.565,  259.685,  203.883
670.154,  228.965,  274.085,  228.083
670.265,  214.865,  270.785,  216.482
670.376,  265.765,  331.185,  263.783
670.488,  208.065,  263.485,  211.783
670.599,  216.965,  266.385,  214.783
670.711,  241.165,  284.885,  232.883
670.822,  216.765,  264.785,  214.383
670.933,  223.965,  277.985,  213.083
671.045,  234.865,  277.785,  232.583
671.156,  216.465,  271.785,  215.982
671.267,  224.665,  273.885,  224.383
671.378,  236.365,  273.285,  233.283
671.490,  242.665,  291.585,  236.482
671.601,  240.165,  290.185,  232.583
671.712,  218.465,  272.085,  219.482
671.823,  205.065,  247.485,  205.583
671.934,  231.065,  274.485,  220.482
672.046,  216.365,  271.185,  204.982
672.157,  221.065,  271.185,  212.283
672.268,  205.465,  244.385,  201.283
672.379,  210.865,  260.585,  206.783
672.490,  218.265,  257.185,  221.982
672.601,  191.865,  237.685,  189.083
672.712,  213.165,  275.385,  212.283
672.823,  213.665,  267.885,  213.682
672.934,  228.765,  278.185,  222.883
673.045,  221.365,  272.185,  220.283
673.156,  206.265,  250.085,  193.482
673.267,  207.965,  268.885,  213.182
673.378,  210.465,  267.785,  208.283
673.489,  230.765,  281.285,  236.682
673.599,  212.565,  264.785,  212.982
673.710,  202.365,  248.485,  197.883
673.821,  192.365,  248.285,  182.482
673.932,  225.865,  280.585,  221.482
674.043,  222.165,  263.485,  234.583
674.154,  222.165,  271.585,  227.982
674.264,  224.465,  264.285,  217.283
674.375,  211.165,  257.685,  217.682
674.486,  220.965,  262.285,  205.883
674.597,  229.265,  272.085,  230.682
674.707,  228.865,  271.685,  229.383
674.818,  219.365,  263.585,  220.383
674.929,  233.865,  287.985,  230.883
675.039,  229.865,  278.885,  219.783
675.150,  237.565,  281.985,  223.283
675.260,  264.465,  281.685,  231.283
675.371,  209.965,  236.885,  198.583
675.482,  212.865,  262.985,  209.982
675.592,  233.065,  288.385,  236.383
675.703,  236.665,  287.485,  226.482
675.813,  213.965,  267.185,  218.783
675.924,  194.965,  248.185,  190.383
676.034,  217.665,  271.885,  217.982
676.144,  201.165,  263.685,  213.982
676.255,  223.265,  275.785,  223.783
676.365,  208.965,  253.585,  212.883
676.476,  217.265,  264.985,  213.682
676.586,  244.665,  296.685,  240.883
676.696,  252.065,  309.085,  248.182
676.807,  222.265,  276.985,  219.682
676.917,  206.665,  247.285,  204.283
677.027,  247.265,  297.585,  244.583
677.137,  223.165,  290.585,  228.883
677.248,  227.865,  262.885,  217.083
677.358,  228.465,  273.885,  223.783
677.468,  237.065,  303.385,  248.182
677.578,  227.465,  283.385,  217.883
677.688,  207.665,  254.285,  200.383
677.799,  248.965,  302.785,  244.182
677.909,  220.965,  263.785,  203.883
678.019,  200.465,  253.085,  206.482
678.129,  243.765,  287.585,  255.083
678.239,  211.565,  269.185,  220.583
678.349,  194.165,  249.585,  191.583
678.459,  238.865,  299.185,  260.682
678.569,  244.265,  290.885,  241.182
678.679,  223.565,  281.785,  229.583
678.789,  216.965,  278.285,  209.083
678.899,  214.165,  272.085,  214.682
679.009,  235.865,  293.885,  235.883
679.119,  240.365,  279.685,  236.083
679.229,  225.465,  263.385,  224.982
679.339,  231.865,  283.585,  215.182
679.449,  219.265,  260.285,  218.982
679.558,  215.965,  270.785,  230.182
679.668,  226.465,  271.985,  224.583
679.778,  220.065,  289.285,  214.982
679.888,  232.565,  289.585,  235.482
679.998,  219.265,  268.285,  213.982
680.107,  208.065,  263.385,  201.982
680.217,  228.965,  267.785,  239.982
680.327,  226.965,  274.385,  212.783
680.436,  222.265,  276.985,  225.482
680.546,  217.465,  270.785,  214.482
680.656,  235.865,  287.985,  228.482
680.765,  234.565,  273.085,  228.283
680.875,  205.565,  271.185,  211.583
680.984,  252.965,  303.685,  248.583
681.094,  233.065,  282.585,  234.182
681.204,  224.165,  279.485,  215.383
681.313,  244.765,  285.385,  241.482
681.423,  205.165,  263.885,  209.283
681.532,  197.265,  262.585,  215.583
681.642,  215.365,  278.085,  218.682
681.751,  244.465,  274.885,  232.083
681.861,  221.365,  270.385,  212.883
681.970,  233.965,  286.185,  228.383
682.079,  238.465,  279.985,  240.383
682.189,  245.265,  307.185,  244.182
682.298,  240.465,  286.185,  235.883
682.407,  247.465,  293.685,  245.982
682.517,  210.865,  276.685,  217.783
682.626,  223.065,  282.385,  218.682
682.735,  195.765,  259.285,  205.383
682.845,  224.065,  272.785,  222.883
682.954,  231.565,  277.185,  230.482
683.063,  234.565,  283.185,  227.682
683.172,  228.165,  278.285,  233.783
683.281,  215.165,  263.385,  222.482
683.391,  237.565,  289.485,  233.482
683.500,  218.165,  271.085,  225.283
683.609,  212.065,  265.685,  217.383
683.718,  216.065,  273.285,  207.083
683.827,  231.165,  255.285,  211.883
683.936,  215.365,  253.085,  216.583
684.045,  227.265,  277.285,  221.583
684.154,  231.165,  266.185,  222.383
684.263,  232.765,  282.585,  222.682
684.372,  182.265,  237.285,  188.083
684.481,  235.465,  288.685,  229.883
684.590,  214.765,  268.785,  206.083
684.699,  227.365,  276.185,  212.682
684.808,  235.465,  272.685,  228.182
684.917,  205.465,  269.485,  211.982
685.026,  216.865,  267.585,  219.583
685.135,  220.765,  267.585,  192.783
685.243,  219.065,  274.885,  211.883
685.352,  202.365,  266.585,  208.383
685.461,  239.865,  283.085,  231.682
685.570,  224.765,  275.085,  226.283
685.679,  226.865,  289.785,  222.982
685.787,  204.065,  257.085,  213.783
685.896,  232.265,  284.785,  233.883
686.005,  233.965,  276.885,  227.083
686.113,  222.765,  280.185,  216.583
686.222,  228.665,  268.385,  213.383
686.331,  215.965,  269.585,  215.583
686.439,  224.865,  275.985,  219.083
686.548,  217.865,  264.885,  215.083
686.656,  210.265,  251.085,  199.682
686.765,  244.665,  279.585,  231.283
686.874,  224.765,  270.885,  215.083
686.982,  233.465,  259.385,  213.383
687.091,  253.765,  270.085,  233.182
687.199,  252.265,  292.385,  236.083
687.307,  228.365,  275.685,  227.482
687.416,  214.165,  267.785,  223.083
687.524,  243.565,  276.885,  231.182
687.633,  228.465,  276.585,  227.682
687.741,  214.165,  273.385,  216.783
687.850,  199.965,  255.085,  203.482
687.958,  261.365,  307.385,  245.182
688.066,  242.165,  290.585,  242.583
688.174,  227.465,  261.185,  226.883
688.283,  216.365,  281.885,  226.583
688.391,  213.165,  270.085,  216.482
688.499,  237.965,  281.285,  225.783
688.608,  207.465,  259.585,  214.883
688.716,  234.865,  279.085,  236.083
688.824,  215.165,  263.585,  209.883
688.932,  221.465,  260.885,  224.283
689.040,  214.965,  258.685,  208.083
689.148,  221.065,  272.185,  207.383
689.257,  220.565,  267.985,  217.383
689.365,  225.065,  270.685,  224.283
689.473,  214.565,  255.685,  205.482
689.581,  211.765,  270.285,  202.783
689.689,  221.965,  264.285,  211.482
689.797,  225.665,  268.485,  221.283
689.905,  204.165,  253.285,  205.682
690.013,  211.565,  261.885,  214.383
690.121,  222.065,  268.985,  215.083
690.229,  225.065,  274.385,  219.682
690.337,  209.565,  249.985,  197.283
690.444,  223.465,  275.785,  212.982
690.552,  248.165,  290.085,  237.982
690.660,  225.465,  256.485,  201.182
690.768,  257.865,  293.485,  233.883
690.876,  230.565,  279.885,  222.682
690.984,  210.765,  254.285,  207.883
691.091,  199.365,  261.785,  209.783
691.199,  206.265,  263.085,  204.482
691.307,  226.265,  264.485,  220.182
691.415,  225.365,  267.985,  239.583
691.522,  235.365,  290.785,  241.083
691.630,  210.765,  260.485,  220.482
691.738,  214.765,  258.985,  214.182
691.845,  219.965,  259.685,  203.083
691.953,  228.465,  272.285,  223.583
692.061,  199.765,  243.985,  200.583
692.168,  228.765,  272.385,  219.982
692.276,  223.265,  269.985,  226.083
692.383,  215.865,  262.585,  213.883
692.491,  212.465,  257.685,  209.583
692.598,  203.565,  256.885,  200.982
692.706,  183.265,  230.885,  181.283
692.813,  213.265,  269.185,  210.883
692.921,  205.365,  242.285,  188.883
693.028,  203.165,  264.285,  204.283
693.135,  203.065,  244.285,  187.283
693.243,  215.665,  248.185,  215.482
693.350,  196.365,  239.185,  192.283
693.458,  204.365,  258.285,  197.682
693.565,  209.765,  269.185,  206.383
693.672,  211.165,  247.585,  193.083
693.779,  220.265,  255.185,  200.982
693.887,  201.365,  250.085,  185.783
693.994,  208.565,  255.385,  197.083
694.101,  240.065,  279.385,  233.383
694.208,  183.665,  222.685,  167.982
694.316,  211.165,  273.785,  209.682
694.423,  206.865,  254.985,  206.783
694.530,  189.665,  239.885,  194.083
694.637,  215.865,  257.685,  200.083
694.744,  209.565,  248.785,  202.883
694.851,  231.165,  261.885,  225.383
694.958,  216.965,  257.085,  220.083
695.065,  237.665,  270.885,  221.583
695.172,  231.665,  269.885,  213.883
695.279,  255.665,  282.985,  236.682
695.386,  243.765,  266.185,  215.583
695.493,  264.265,  261.085,  199.783
695.600,  266.965,  255.285,  185.383
695.707,  310.065,  256.085,  214.783
695.814,  354.565,  250.385,  196.982
695.921,  436.765,  251.585,  208.482
696.028,  650.865,  277.785,  222.383
696.135, 1044.765,  248.485,  200.682
696.242, 1891.665,  268.885,  227.982
696.349, 3250.265,  232.185,  180.383
696.455, 6889.665,  275.585,  214.583
696.562, 6773.765,  248.385,  197.783
696.669, 1027.665,  285.785,  225.182
696.776,  307.865,  249.185,  198.583
696.882,  288.065,  276.785,  238.283
696.989,  271.365,  282.285,  227.383
697.096,  278.965,  288.585,  235.682
697.202,  254.965,  275.585,  223.283
697.309,  249.565,  281.985,  230.383
697.416,  247.965,  271.085,  221.682
697.522,  285.565,  301.585,  245.682
697.629,  258.765,  273.885,  229.783
697.735,  237.965,  272.485,  206.982
697.842,  251.465,  296.985,  242.482
697.948,  239.565,  289.085,  227.083
698.055,  231.765,  274.085,  232.982
698.161,  228.165,  258.685,  220.583
698.268,  268.265,  308.485,  256.682
698.374,  252.465,  301.285,  239.783
698.481,  211.865,  263.685,  215.883
698.587,  241.165,  281.285,  230.682
698.693,  261.665,  307.985,  267.182
698.800,  237.965,  285.085,  235.083
698.906,  252.765,  291.285,  247.583
699.012,  223.865,  275.785,  218.982
699.119,  244.265,  287.785,  240.583
699.225,  238.565,  284.185,  227.283
699.331,  256.165,  307.085,  249.982
699.438,  275.765,  320.385,  263.283
699.544,  232.365,  284.385,  224.182
699.650,  256.065,  306.485,  250.182
699.756,  263.065,  310.485,  262.383
699.862,  251.465,  288.985,  238.982
699.968,  229.865,  274.685,  217.383
700.075,  259.465,  310.785,  259.883
700.181,  239.565,  290.585,  228.583
700.287,  252.265,  295.185,  244.883
700.393,  235.065,  292.385,  230.982
700.499,  248.365,  309.485,  250.682
700.605,  252.765,  319.585,  263.983
700.711,  249.165,  304.585,  248.182
700.817,  240.165,  288.585,  239.083
700.923,  248.965,  290.185,  244.982
701.029,  250.865,  301.085,  244.783
701.135,  263.965,  316.585,  257.383
701.241,  240.865,  282.185,  237.482
701.346,  230.265,  295.185,  247.982
701.452,  267.565,  327.285,  267.883
701.558,  246.465,  286.285,  241.083
701.664,  263.165,  315.285,  264.582
701.770,  245.765,  293.385,  232.482
701.875,  243.065,  295.585,  241.283
701.981,  274.365,  318.785,  274.383
702.087,  250.365,  307.085,  244.283
702.193,  246.965,  296.385,  243.583
702.298,  253.865,  303.385,  249.783
702.404,  269.865,  325.685,  277.283
702.510,  218.565,  270.985,  222.182
702.615,  256.265,  302.285,  244.482
702.721,  256.065,  304.385,  243.283
702.827,  241.265,  278.885,  229.482
702.932,  278.765,  300.985,  255.883
703.038,  256.965,  287.785,  236.182
703.143,  251.265,  295.485,  248.182
703.249,  210.465,  257.985,  204.583
703.354,  254.965,  306.885,  247.383
703.460,  216.865,  286.385,  222.083
703.565,  233.565,  288.385,  228.883
703.671,  250.065,  306.685,  258.983
703.776,  264.865,  318.885,  269.483
703.882,  272.065,  319.085,  263.182
703.987,  232.565,  289.685,  230.583
704.092,  244.065,  294.685,  240.583
704.198,  250.465,  303.285,  247.982
704.303,  216.265,  262.885,  207.783
704.408,  258.465,  305.085,  247.583
704.514,  238.165,  289.385,  240.682
704.619,  231.365,  292.385,  219.383
704.724,  259.965,  304.385,  262.983
704.829,  244.265,  290.185,  235.182
704.935,  244.865,  272.285,  224.083
705.040,  278.265,  311.485,  261.983
705.145,  245.565,  294.485,  242.883
705.250,  277.165,  311.485,  256.983
705.355,  237.365,  275.385,  218.083
705.460,  241.265,  282.185,  222.883
705.565,  260.165,  299.185,  236.083
705.670,  278.065,  304.885,  247.182
705.775,  274.465,  293.285,  250.482
705.880,  269.765,  299.385,  242.083
705.985,  290.365,  289.385,  227.982
706.090,  342.865,  304.885,  253.182
706.195,  384.165,  283.285,  223.883
706.300,  510.365,  282.985,  231.783
706.405,  809.465,  296.185,  249.682
706.510, 1248.265,  304.385,  261.182
706.615, 2162.165,  297.585,  241.783
706.720, 2548.665,  283.985,  235.583
706.825,  631.165,  285.885,  241.283
706.930,  303.965,  300.285,  248.583
707.034,  263.565,  299.085,  247.583
707.139,  239.165,  283.385,  226.482
707.244,  250.365,  280.485,  222.083
707.349,  272.365,  303.085,  254.383
707.453,  245.165,  296.885,  232.283
707.558,  233.765,  268.185,  231.283
707.663,  252.165,  311.485,  246.883
707.767,  253.165,  301.285,  239.783
707.872,  254.865,  297.885,  232.482
707.977,  233.965,  284.885,  241.083
708.081,  253.865,  291.285,  232.583
708.186,  216.865,  253.585,  207.182
708.290,  211.365,  262.485,  209.182
708.395,  240.465,  297.785,  229.682
708.500,  237.665,  279.085,  227.583
708.604,  242.665,  280.385,  238.783
708.708,  212.665,  261.285,  211.283
708.813,  219.365,  273.285,  226.482
708.917,  248.665,  298.385,  249.783
709.022,  240.665,  282.185,  235.482
709.126,  237.165,  279.085,  240.883
709.231,  247.865,  280.885,  240.182
709.335,  242.365,  289.485,  238.383
709.439,  240.665,  279.085,  224.783
709.544,  227.665,  285.785,  235.682
709.648,  262.065,  313.385,  266.983
709.752,  253.265,  311.085,  247.783
709.856,  232.865,  288.285,  242.783
709.961,  237.265,  295.785,  246.482
710.065,  238.665,  277.985,  229.682
710.169,  233.165,  288.485,  229.182
710.273,  214.465,  265.585,  205.383
710.377,  241.565,  286.385,  226.982
710.482,  258.665,  289.885,  244.482
710.586,  269.665,  310.185,  258.082
710.690,  264.865,  306.285,  269.483
710.794,  216.065,  265.885,  201.982
710.898,  268.165,  304.285,  261.182
711.002,  216.065,  259.885,  200.383
711.106,  242.365,  290.985,  238.083
711.210,  237.265,  287.785,  231.982
711.314,  257.065,  311.485,  255.783
711.418,  233.665,  289.785,  237.182
711.522,  237.465,  281.085,  225.383
711.626,  224.165,  288.085,  243.083
711.730,  270.565,  311.585,  263.883
711.833,  236.265,  294.885,  235.482
711.937,  245.365,  295.485,  249.182
712.041,  251.665,  292.185,  253.383
712.145,  229.465,  290.485,  214.682
712.249,  265.265,  303.385,  259.883
712.353,  243.465,  295.885,  230.083
712.456,  223.565,  281.585,  223.982
712.560,  262.465,  297.185,  247.283
712.664,  261.565,  316.585,  246.283
712.768,  234.365,  286.785,  235.883
712.871,  257.265,  300.585,  252.682
712.975,  229.965,  284.485,  238.482
713.078,  270.465,  317.385,  263.682
713.182,  238.565,  284.485,  241.083
713.286,  257.465,  300.985,  249.283
713.389,  212.565,  257.885,  209.682
713.493,  238.565,  282.685,  246.982
713.596,  253.065,  303.585,  254.982
713.700,  254.365,  298.785,  249.482
713.803,  278.465,  325.885,  279.582
713.907,  260.565,  291.385,  240.083
714.010,  253.565,  285.185,  232.482
714.114,  267.465,  278.785,  241.083
714.217,  304.865,  305.585,  253.682
714.320,  307.965,  285.785,  223.883
714.424,  393.265,  309.985,  268.783
714.527,  466.565,  302.085,  240.482
714.630,  693.665,  284.685,  250.482
714.734,  518.165,  309.085,  253.083
714.837,  254.465,  271.385,  220.383
714.940,  265.965,  280.685,  240.583
715.044,  256.065,  298.585,  249.482
715.147,  248.465,  302.585,  252.783
715.250,  257.065,  300.085,  249.982
715.353,  254.765,  308.385,  247.383
715.456,  248.765,  283.885,  237.783
715.560,  256.165,  293.085,  239.982
715.663,  253.165,  290.485,  241.982
715.766,  241.865,  290.385,  234.083
715.869,  279.065,  316.585,  270.483
715.972,  252.465,  303.885,  244.583
716.075,  254.365,  299.585,  252.583
716.178,  241.965,  316.785,  252.482
716.281,  252.065,  299.985,  246.583
716.384,  274.265,  314.685,  252.283
716.487,  272.965,  314.985,  280.582
716.590,  246.665,  310.585,  263.983
716.693,  230.465,  286.185,  239.682
716.796,  243.965,  291.685,  240.182
716.899,  257.565,  293.285,  250.982
717.001,  251.965,  303.285,  234.083
717.104,  250.565,  296.685,  249.283
717.207,  247.165,  302.185,  239.083
717.310,  252.965,  299.685,  250.383
717.413,  232.665,  286.185,  234.583
717.515,  279.765,  319.985,  275.783
717.618,  270.965,  317.185,  271.283
717.721,  272.765,  316.085,  266.783
717.824,  287.965,  327.385,  284.182
717.926,  247.265,  303.685,  244.383
718.029,  249.565,  297.085,  241.883
718.132,  258.965,  299.085,  255.283
718.234,  262.365,  314.385,  257.983
718.337,  273.965,  324.585,  271.082
718.439,  272.765,  318.585,  256.783
718.542,  246.665,  288.885,  233.783
718.644,  273.565,  317.885,  263.483
718.747,  248.665,  309.585,  252.083
718.849,  256.465,  295.185,  250.783
718.952,  265.265,  309.485,  260.983
719.054,  269.465,  307.085,  253.182
719.157,  271.965,  313.285,  275.383
719.259,  258.965,  306.085,  262.983
719.362,  270.665,  318.185,  267.883
719.464,  248.265,  289.085,  232.883
719.566,  251.665,  306.385,  244.682
719.669,  258.965,  319.285,  266.883
719.771,  274.265,  303.985,  262.283
719.873,  270.465,  312.885,  265.283
719.976,  272.765,  308.085,  273.582
720.078,  241.865,  280.585,  232.583
720.180,  240.765,  271.285,  231.482
720.282,  255.265,  304.985,  257.682
720.384,  270.265,  300.685,  255.682
720.487,  263.965,  298.885,  251.182
720.589,  281.065,  331.885,  260.582
720.691,  255.065,  285.285,  237.682
720.793,  262.965,  316.285,  265.182
720.895,  256.065,  301.085,  253.182
720.997,  249.565,  301.185,  254.682
721.099,  242.265,  298.485,  246.182
721.201,  271.365,  303.585,  260.283
721.303,  257.065,  307.685,  251.883
721.405,  259.165,  295.685,  248.182
721.507,  236.365,  295.585,  233.982
721.609,  229.065,  289.485,  234.482
721.711,  229.965,  275.585,  231.682
721.813,  245.765,  291.485,  246.682
721.915,  250.765,  294.685,  247.383
722.017,  258.065,  293.285,  244.383
722.118,  263.465,  309.685,  262.383
722.220,  238.465,  277.585,  235.083
722.322,  255.665,  300.185,  255.482
722.424,  223.965,  293.185,  222.982
722.526,  245.565,  294.685,  250.083
722.627,  260.665,  312.485,  259.283
722.729,  226.865,  283.385,  242.682
722.831,  228.065,  273.685,  239.283
722.932,  255.665,  292.185,  251.783
723.034,  222.665,  270.785,  235.182
723.136,  244.465,  287.785,  245.182
723.237,  247.765,  290.685,  235.182
723.339,  237.165,  289.385,  228.783
723.440,  234.765,  279.485,  227.083
723.542,  249.165,  296.285,  238.982
723.644,  258.165,  287.985,  254.583
723.745,  236.865,  284.985,  242.482
723.847,  262.865,  298.785,  257.182
723.948,  265.265,  313.085,  251.883
724.049,  260.265,  309.085,  253.283
724.151,  227.765,  274.185,  230.682
724.252,  228.565,  280.685,  229.682
724.354,  244.765,  300.385,  246.283
724.455,  250.165,  286.685,  243.883
724.556,  255.065,  287.285,  249.283
724.658,  238.965,  290.485,  236.982
724.759,  241.765,  283.885,  232.182
724.860,  262.465,  307.885,  264.182
724.962,  244.165,  295.985,  237.682
725.063,  254.965,  292.985,  248.783
725.164,  281.865,  322.285,  279.883
725.265,  242.065,  293.985,  237.083
725.366,  233.665,  296.685,  236.283
725.468,  236.365,  291.285,  229.783
725.569,  255.165,  297.385,  252.383
725.670,  242.365,  285.285,  237.883
725.771,  234.665,  271.785,  216.583
725.872,  254.265,  277.585,  244.182
725.973,  253.765,  290.685,  239.783
726.074,  251.565,  292.885,  233.982
726.175,  254.565,  294.285,  245.283
726.276,  253.865,  279.485,  234.583
726.377,  269.365,  293.385,  242.283
726.478,  307.765,  300.385,  264.783
726.579,  314.765,  276.085,  233.182
726.680,  365.465,  284.485,  242.982
726.781,  440.165,  263.785,  224.783
726.882,  668.865,  297.885,  256.082
726.982,  972.465,  305.785,  261.082
727.083, 1317.265,  282.785,  242.682
727.184, 2358.865,  298.285,  254.482
727.285, 2382.265,  293.485,  261.983
727.386,  625.265,  289.785,  254.682
727.486,  306.965,  298.385,  259.582
727.587,  267.765,  293.885,  245.283
727.688,  266.765,  299.985,  251.682
727.789,  288.965,  322.385,  264.283
727.889,  251.565,  303.785,  241.783
727.990,  265.765,  294.085,  250.182
728.090,  250.365,  291.985,  248.383
728.191,  246.865,  284.985,  241.682
728.292,  247.365,  296.885,  248.583
728.392,  256.965,  291.485,  262.082
728.493,  265.765,  307.185,  261.182
728.593,  222.465,  262.685,  227.083
728.694,  248.065,  287.685,  241.083
728.794,  265.965,  297.585,  240.583
728.895,  242.165,  290.285,  241.283
728.995,  252.465,  307.585,  255.383
729.096,  267.565,  302.785,  258.082
729.196,  269.865,  325.485,  264.082
729.296,  251.365,  294.385,  251.482
729.397,  238.865,  288.785,  232.982
729.497,  233.065,  279.885,  238.482
729.597,  255.865,  305.985,  255.583
729.698,  244.965,  290.885,  241.083
729.798,  265.765,  300.985,  268.283
729.898,  260.565,  306.785,  245.783
729.998,  236.065,  285.985,  243.083
730.099,  233.065,  277.485,  237.283
730.199,  220.665,  271.685,  222.083
730.299,  246.465,  293.985,  245.083
730.399,  294.965,  336.185,  283.283
730.499,  257.665,  312.585,  263.383
730.599,  248.865,  291.485,  234.283
730.699,  256.365,  297.985,  243.283
730.799,  255.165,  310.585,  249.083
730.899,  254.965,  288.585,  250.583
730.999,  263.065,  305.385,  253.783
731.099,  256.565,  283.585,  249.383
731.199,  242.265,  267.085,  224.482
731.299,  279.865,  325.585,  283.883
731.399,  236.965,  295.985,  239.982
731.499,  241.965,  287.785,  230.883
731.599,  247.565,  284.785,  242.283
731.699,  265.865,  310.785,  251.182
731.799,  260.765,  310.785,  263.283
731.899,  256.965,  306.285,  253.083
731.998,  231.565,  274.485,  236.982
732.098,  245.765,  298.585,  253.182
732.198,  269.765,  314.885,  267.182
732.298,  263.365,  311.085,  278.383
732.398,  272.965,  313.285,  268.082
732.497,  262.265,  300.985,  252.182
732.597,  255.165,  289.885,  248.182
732.697,  261.465,  295.485,  255.083
732.796,  250.465,  295.285,  239.982
732.896,  271.465,  316.185,  262.783
732.995,  257.965,  316.785,  256.483
733.095,  255.565,  282.485,  258.283
733.195,  257.965,  309.985,  268.883
733.294,  252.065,  303.785,  255.083
733.394,  254.965,  296.085,  261.283
733.493,  288.065,  332.785,  284.682
733.593,  268.065,  313.385,  265.783
733.692,  273.365,  312.285,  268.983
733.792,  267.965,  316.585,  273.783
733.891,  252.365,  291.985,  244.982
733.990,  262.865,  309.585,  261.582
734.090,  246.665,  291.285,  238.383
734.189,  256.565,  303.285,  257.783
734.288,  266.065,  305.985,  247.083
734.388,  271.665,  319.985,  266.483
734.487,  283.065,  328.385,  282.582
734.586,  266.465,  306.085,  258.883
734.685,  283.565,  318.285,  275.582
734.785,  289.065,  332.985,  284.783
734.884,  263.765,  315.585,  272.383
734.983,  288.865,  315.485,  272.983
735.082,  266.765,  304.085,  252.583
735.181,  284.365,  313.285,  257.582
735.281,  290.965,  312.185,  265.483
735.380,  275.765,  295.985,  258.082
735.479,  262.565,  313.385,  254.783
735.578,  287.065,  332.185,  286.582
735.677,  291.765,  341.185,  296.983
735.776,  276.065,  324.785,  276.082
735.875,  271.465,  305.185,  262.883
735.974,  272.965,  307.985,  266.483
736.073,  278.765,  307.585,  271.582
736.172,  275.365,  312.885,  270.983
736.271,  291.165,  317.685,  266.182
736.369,  278.865,  313.485,  266.182
736.468,  279.065,  321.385,  267.082
736.567,  290.865,  329.285,  284.283
736.666,  300.365,  327.885,  286.983
736.765,  268.065,  310.285,  254.182
736.864,  335.765,  355.885,  301.283
736.962,  314.065,  312.785,  274.182
737.061,  345.165,  342.285,  287.883
737.160,  321.365,  293.785,  247.783
737.259,  327.765,  312.085,  278.182
737.357,  324.665,  321.885,  278.983
737.456,  343.565,  312.685,  263.283
737.555,  384.465,  323.685,  270.682
737.653,  437.665,  320.485,  269.383
737.752,  555.965,  320.185,  281.483
737.850,  771.065,  321.785,  275.483
737.949, 1109.165,  306.185,  268.283
738.047, 1705.865,  330.785,  273.682
738.146, 2466.065,  316.985,  273.283
738.244, 3833.765,  307.785,  257.483
738.343, 6140.165,  305.685,  264.883
738.441, 2617.265,  314.685,  270.682
738.540,  562.165,  317.685,  272.182
738.638,  338.365,  307.685,  245.083
738.737,  318.765,  323.585,  269.883
738.835,  303.965,  313.585,  259.983
738.933,  284.865,  313.285,  258.682
739.032,  295.365,  326.785,  273.383
739.130,  261.165,  300.685,  238.383
739.228,  287.365,  322.185,  278.082
739.326,  287.865,  318.285,  271.682
739.425,  292.365,  322.285,  282.582
739.523,  244.165,  288.585,  238.283
739.621,  282.665,  305.885,  267.883
739.719,  261.565,  291.185,  260.283
739.817,  255.665,  300.185,  247.182
739.916,  277.665,  323.885,  276.783
740.014,  281.465,  313.285,  267.783
740.112,  264.165,  297.485,  252.482
740.210,  272.365,  310.385,  268.383
740.308,  269.665,  324.585,  271.383
740.406,  286.865,  334.185,  282.783
740.504,  279.565,  314.885,  272.182
740.602,  286.865,  320.085,  262.383
740.700,  262.465,  295.485,  256.283
740.798,  287.065,  309.185,  273.182
740.896,  248.765,  305.285,  251.583
740.994,  279.465,  321.485,  264.182
741.092,  277.965,  312.785,  274.582
741.189,  263.465,  295.385,  258.682
741.287,  245.265,  288.285,  236.783
741.385,  265.165,  292.485,  269.983
741.483,  279.765,  330.485,  291.283
741.581,  269.665,  309.985,  267.582
741.678,  280.665,  325.585,  274.383
741.776,  268.465,  313.785,  267.783
741.874,  299.065,  327.285,  284.082
741.971,  281.965,  333.185,  279.483
742.069,  280.465,  323.385,  283.682
742.167,  272.965,  312.485,  266.082
742.264,  269.765,  307.685,  269.883
742.362,  258.765,  307.685,  263.783
742.460,  258.265,  295.885,  257.582
742.557,  273.165,  316.685,  270.283
742.655,  276.065,  313.485,  260.182
742.752,  281.065,  314.285,  271.182
742.850,  281.265,  324.685,  267.883
742.947,  289.765,  316.085,  283.783
743.045,  250.165,  303.785,  245.182
743.142,  281.265,  324.385,  281.082
743.240,  272.165,  309.785,  260.783
743.337,  304.565,  335.685,  293.483
743.434,  280.065,  300.385,  257.983
743.532,  283.065,  306.885,  268.783
743.629,  287.765,  336.485,  276.182
743.726,  266.465,  308.685,  259.182
743.824,  241.565,  282.885,  230.982
743.921,  267.165,  319.085,  273.883
744.018,  277.665,  322.885,  269.082
744.115,  276.765,  320.985,  269.883
744.213,  265.065,  312.385,  265.483
744.310,  268.965,  296.985,  255.783
744.407,  290.265,  340.285,  281.983
744.504,  290.365,  330.885,  278.483
744.601,  264.765,  300.185,  254.682
744.698,  285.665,  331.985,  278.383
744.795,  263.965,  309.585,  266.383
744.892,  290.665,  319.985,  289.983
744.989,  271.965,  308.585,  256.983
745.086,  262.765,  319.785,  271.182
745.183,  267.365,  304.485,  263.582
745.280,  272.665,  314.685,  271.783
745.377,  279.665,  311.085,  251.783
745.474,  278.065,  313.285,  281.483
745.571,  251.065,  294.385,  253.482
745.668,  289.765,  329.685,  291.983
745.765,  271.865,  303.185,  267.483
745.862,  299.265,  346.685,  298.983
745.959,  280.165,  317.385,  285.582
746.055,  269.665,  316.585,  262.883
746.152,  269.065,  324.585,  264.082
746.249,  277.065,  317.285,  271.483
746.346,  269.165,  318.885,  275.383
746.442,  272.565,  316.085,  277.283
746.539,  275.565,  318.285,  265.682
746.636,  299.165,  327.885,  296.182
746.732,  283.265,  317.385,  275.283
746.829,  293.665,  332.085,  295.783
746.926,  293.465,  338.685,  286.082
747.022,  311.765,  334.385,  295.283
747.119,  295.565,  326.185,  287.383
747.215,  308.865,  337.185,  294.182
747.312,  274.565,  317.285,  258.783
747.408,  241.965,  292.885,  248.383
747.505,  296.365,  335.285,  295.983
747.601,  285.965,  333.385,  276.682
747.698,  275.065,  301.485,  257.483
747.794,  294.165,  339.385,  284.182
747.891,  285.265,  316.885,  273.783
747.987,  293.265,  331.485,  283.082
748.083,  274.665,  304.885,  266.383
748.180,  282.265,  322.785,  271.383
748.276,  298.865,  339.485,  291.682
748.372,  301.365,  339.285,  279.483
748.468,  301.565,  320.885,  282.883
748.565,  285.965,  317.485,  272.582
748.661,  304.165,  330.785,  281.983
748.757,  299.265,  322.185,  273.582
748.853,  284.565,  299.685,  251.583
748.949,  322.165,  332.985,  287.082
749.046,  329.965,  331.785,  288.082
749.142,  334.165,  316.385,  276.582
749.238,  336.965,  308.485,  263.783
749.334,  368.865,  309.085,  258.483
749.430,  419.065,  310.485,  265.483
749.526,  471.065,  308.285,  278.383
749.622,  613.565,  327.085,  283.582
749.718,  768.065,  303.485,  263.082
749.814, 1149.765,  328.585,  285.883
749.910, 1707.065,  320.485,  278.983
750.006, 2548.965,  303.885,  268.483
750.102, 3600.265,  333.585,  288.783
750.198, 5147.565,  334.885,  284.182
750.293, 8667.265,  317.485,  273.582
750.389, 7438.865,  332.985,  288.383
750.485, 2149.765,  334.185,  286.483
750.581,  696.765,  315.085,  257.883
750.677,  586.765,  317.185,  281.483
750.772,  620.265,  318.085,  285.883
750.868,  789.165,  320.085,  270.483
750.964, 1084.465,  337.385,  292.383
751.060, 1559.665,  323.385,  286.682
751.155, 2121.365,  303.185,  266.883
751.251, 2905.865,  312.085,  271.182
751.346, 4758.865,  316.485,  265.483
751.442, 5574.165,  319.285,  275.182
751.538, 1981.965,  316.485,  281.082
751.633,  509.165,  294.385,  255.583
751.729,  344.965,  276.785,  250.283
751.824,  343.065,  328.185,  290.783
751.920,  319.365,  334.885,  269.883
752.015,  319.365,  334.785,  288.783
752.111,  310.765,  324.985,  273.383
752.206,  321.965,  341.185,  298.483
752.302,  276.965,  306.585,  244.982
752.397,  313.165,  330.585,  289.883
752.492,  304.665,  323.785,  267.383
752.588,  282.465,  313.285,  266.883
752.683,  296.765,  326.185,  274.082
752.778,  306.565,  326.385,  282.883
752.874,  297.365,  322.885,  279.983
752.969,  307.865,  320.185,  293.383
753.064,  283.565,  318.585,  269.883
753.159,  331.465,  355.885,  331.182
753.254,  302.065,  326.285,  284.582
753.350,  291.665,  313.085,  274.582
753.445,  286.265,  320.685,  292.582
753.540,  296.665,  325.485,  285.283
753.635,  313.565,  348.385,  299.682
753.730,  279.565,  311.085,  269.682
753.825,  303.665,  337.485,  297.883
753.920,  266.565,  303.085,  256.483
754.015,  285.265,  319.885,  293.483
754.110,  313.265,  352.585,  315.883
754.205,  290.565,  321.385,  283.582
754.300,  299.665,  334.285,  281.182
754.395,  261.065,  300.185,  257.983
754.490,  305.465,  339.585,  293.682
754.585,  316.765,  344.385,  302.483
754.680,  279.365,  308.885,  259.082
754.775,  310.665,  340.585,  287.983
754.870,  299.165,  331.985,  288.483
754.964,  300.965,  341.185,  298.483
755.059,  284.765,  329.385,  279.283
755.154,  304.465,  326.585,  294.383
755.249,  293.965,  330.585,  284.983
755.343,  280.465,  321.685,  282.383
755.438,  267.765,  290.685,  260.283
755.533,  272.465,  314.785,  258.582
755.627,  304.665,  349.185,  297.283
755.722,  292.765,  341.285,  292.483
755.817,  287.765,  314.185,  278.483
755.911,  300.465,  351.585,  296.182
756.006,  292.065,  325.285,  284.783
756.100,  296.365,  335.785,  309.383
756.195,  305.465,  337.285,  300.582
756.289,  307.465,  358.885,  303.682
756.384,  306.665,  346.185,  302.283
756.478,  291.065,  343.785,  288.483
756.573,  283.565,  319.385,  271.483
756.667,  289.165,  330.885,  288.082
756.762,  305.765,  350.885,  303.483
756.856,  285.465,  323.185,  287.483
756.950,  287.065,  334.585,  285.582
757.045,  278.865,  313.685,  269.182
757.139,  287.365,  329.985,  291.283
757.233,  275.365,  315.385,  266.883
757.327,  293.865,  331.585,  282.682
757.422,  303.565,  343.685,  305.082
757.516,  313.165,  340.685,  303.082
757.610,  300.965,  328.785,  294.182
757.704,  300.865,  336.485,  299.283
757.798,  297.865,  334.985,  292.783
757.893,  310.565,  345.985,  307.483
757.987,  288.465,  338.185,  289.082
758.081,  292.765,  337.985,  285.082
758.175,  287.265,  331.785,  283.082
758.269,  284.665,  344.085,  280.182
758.363,  297.465,  340.585,  295.283
758.457,  295.765,  335.585,  307.883
758.551,  280.465,  316.685,  262.682
758.645,  294.365,  331.285,  288.182
758.739,  281.365,  323.085,  267.582
758.833,  297.565,  318.485,  284.983
758.927,  301.365,  338.185,  298.983
759.021,  268.565,  316.485,  260.483
759.114,  243.965,  298.385,  244.883
759.208,  297.765,  333.585,  295.783
759.302,  311.365,  347.985,  300.082
759.396,  283.065,  323.485,  270.682
759.490,  301.465,  337.485,  290.582
759.583,  294.665,  337.285,  286.783
759.677,  289.965,  318.585,  281.883
759.771,  308.365,  333.185,  292.582
759.864,  289.165,  315.085,  273.483
759.958,  308.665,  339.585,  281.682
760.052,  291.865,  315.085,  272.383
760.145,  297.565,  322.985,  286.483
760.239,  297.565,  339.385,  280.383
760.333,  298.865,  313.685,  282.082
760.426,  312.565,  335.385,  289.783
760.520,  313.165,  345.985,  308.582
760.613,  293.865,  340.985,  279.483
760.707,  312.565,  344.285,  293.682
760.800,  297.065,  322.885,  271.883
760.893,  326.765,  355.385,  306.483
760.987,  343.065,  374.685,  323.383
761.080,  322.865,  353.185,  306.483
761.174,  334.865,  345.885,  292.283
761.267,  327.865,  352.985,  305.783
761.360,  331.665,  345.285,  307.182
761.454,  346.365,  350.085,  311.783
761.547,  339.365,  342.085,  293.383
761.640,  343.165,  334.685,  296.283
761.734,  371.565,  357.685,  308.983
761.827,  371.365,  347.685,  304.383
761.920,  369.965,  339.385,  296.082
762.013,  382.765,  339.385,  294.582
762.106,  379.765,  340.285,  286.383
762.199,  331.265,  349.485,  315.783
762.293,  328.365,  362.185,  319.883
762.386,  323.865,  365.185,  329.483
762.479,  319.465,  349.585,  318.883
762.572,  297.665,  334.385,  292.983
762.665,  324.065,  351.885,  306.182
762.758,  310.665,  358.485,  320.883
762.851,  326.365,  367.285,  310.082
762.944,  353.565,  388.185,  344.783
763.037,  307.965,  354.385,  314.082
763.130,  346.865,  374.285,  335.383
763.222,  332.565,  367.685,  327.582
763.315,  304.865,  347.085,  307.983
763.408,  310.265,  352.085,  296.283
763.501,  319.365,  369.185,  317.483
763.594,  302.765,  342.285,  300.383

