Wave   ,Sample   ,Dark     ,Reference
392.083,  308.303,  311.871,  308.110
392.168,  314.733,  318.551,  316.390
392.253,  312.303,  317.421,  315.990
392.339,  334.423,  339.961,  335.510
392.424,  317.673,  323.441,  317.600
392.509,  332.543,  338.311,  333.640
392.595,  325.073,  334.291,  329.440
392.680,  332.233,  337.851,  334.440
392.765,  313.343,  319.461,  313.210
392.851,  344.463,  352.591,  343.580
392.936,  323.523,  326.041,  321.680
393.021,  355.243,  360.711,  355.170
393.107,  332.703,  336.561,  332.750
393.192,  332.083,  340.121,  330.880
393.277,  336.213,  341.641,  332.570
393.362,  336.923,  346.951,  339.650
393.447,  329.983,  339.431,  328.180
393.533,  307.433,  309.811,  303.850
393.618,  323.923,  327.861,  321.010
393.703,  336.183,  345.551,  338.320
393.788,  319.443,  323.471,  320.090
393.873,  321.663,  325.131,  321.070
393.959,  325.253,  328.591,  320.750
394.044,  297.953,  302.371,  298.770
394.129,  309.693,  307.901,  306.970
394.214,  317.653,  318.151,  318.350
394.299,  335.053,  333.511,  333.340
394.384,  333.453,  338.591,  337.980
394.469,  289.443,  295.451,  291.540
394.554,  305.813,  309.711,  305.850
394.640,  314.493,  314.531,  311.400
394.725,  324.883,  329.961,  327.390
394.810,  298.843,  299.931,  295.010
394.895,  320.713,  326.091,  319.590
394.980,  300.513,  301.491,  297.320
395.065,  307.253,  310.781,  305.070
395.150,  290.003,  296.431,  292.110
395.235,  304.213,  309.571,  301.410
395.320,  306.193,  311.651,  307.670
395.405,  311.133,  313.171,  305.670
395.490,  286.013,  288.271,  284.870
395.575,  299.833,  303.281,  299.510
395.660,  292.203,  290.241,  287.970
395.745,  300.753,  304.351,  300.150
395.829,  323.183,  329.301,  325.800
395.914,  325.143,  327.941,  321.950
395.999,  295.383,  300.071,  294.030
396.084,  304.113,  302.641,  297.290
396.169,  320.113,  322.021,  316.100
396.254,  309.533,  315.551,  311.120
396.339,  306.463,  312.741,  305.240
396.424,  321.973,  322.861,  320.240
396.509,  305.953,  304.781,  300.390
396.593,  309.093,  313.451,  307.240
396.678,  299.543,  302.221,  297.790
396.763,  303.713,  308.261,  304.820
396.848,  312.923,  316.871,  309.280
396.933,  318.003,  323.791,  317.450
397.017,  312.083,  315.701,  310.630
397.102,  307.673,  315.061,  309.680
397.187,  297.773,  303.331,  295.850
397.272,  300.223,  308.821,  303.230
397.356,  304.873,  309.661,  305.170
397.441,  315.653,  318.951,  315.070
397.526,  292.903,  297.691,  287.810
397.610,  308.053,  314.481,  308.130
397.695,  311.503,  316.941,  312.780
397.780,  302.073,  306.981,  296.830
397.865,  317.463,  319.701,  312.830
397.949,  313.523,  314.741,  306.660
398.034,  290.363,  296.261,  290.540
398.118,  315.423,  316.681,  317.700
398.203,  295.803,  300.881,  294.340
398.288,  296.253,  300.421,  297.010
398.372,  290.293,  290.071,  281.180
398.457,  309.963,  314.331,  307.890
398.542,  261.643,  269.021,  262.520
398.626,  309.413,  313.101,  311.200
398.711,  271.223,  273.781,  272.590
398.795,  284.093,  288.291,  281.890
398.880,  331.603,  336.021,  329.780
398.964,  295.363,  299.031,  293.130
399.049,  296.063,  298.881,  294.990
399.133,  288.133,  292.721,  287.490
399.218,  322.933,  325.501,  319.320
399.302,  307.713,  311.361,  303.410
399.387,  297.953,  297.931,  296.910
399.471,  297.413,  306.381,  297.270
399.556,  291.243,  293.751,  288.580
399.640,  304.843,  307.071,  302.770
399.725,  269.003,  270.561,  268.570
399.809,  286.153,  293.061,  288.930
399.893,  274.843,  281.621,  271.640
399.978,  300.913,  301.041,  296.400
400.062,  304.433,  308.981,  304.470
400.147,  296.883,  306.281,  298.320
400.231,  253.663,  254.091,  251.990
400.315,  301.053,  305.591,  296.280
400.400,  272.663,  275.861,  274.500
400.484,  313.233,  315.131,  312.230
400.568,  297.493,  299.051,  296.610
400.653,  287.983,  290.431,  281.520
400.737,  291.783,  296.541,  288.810
400.821,  279.873,  282.811,  278.690
400.905,  296.803,  301.851,  295.490
400.990,  289.583,  291.181,  288.440
401.074,  290.963,  293.371,  288.000
401.158,  301.503,  301.681,  295.330
401.242,  282.533,  286.791,  281.190
401.327,  287.213,  289.521,  285.040
401.411,  277.963,  284.511,  276.200
401.495,  287.203,  292.101,  284.750
401.579,  305.663,  311.021,  306.450
401.664,  290.443,  287.791,  283.000
401.748,  275.033,  277.331,  276.640
401.832,  302.083,  302.081,  298.700
401.916,  270.053,  274.801,  268.050
402.000,  312.933,  312.621,  308.770
402.084,  272.223,  277.391,  270.120
402.168,  291.353,  293.391,  287.640
402.253,  278.153,  278.641,  274.470
402.337,  309.863,  312.201,  306.670
402.421,  302.933,  306.221,  303.320
402.505,  312.873,  313.231,  307.590
402.589,  277.943,  278.831,  273.290
402.673,  314.533,  311.761,  308.270
402.757,  294.293,  288.981,  285.640
402.841,  285.873,  284.621,  276.960
402.925,  302.763,  302.821,  296.020
403.009,  313.253,  312.851,  303.390
403.093,  298.863,  299.371,  293.380
403.177,  288.203,  288.151,  277.490
403.261,  315.273,  316.871,  307.560
403.345,  304.503,  300.291,  296.410
403.429,  308.503,  306.401,  301.200
403.513,  309.173,  302.201,  297.370
403.597,  307.463,  300.131,  294.500
403.681,  305.333,  297.081,  293.960
403.765,  297.563,  285.591,  280.580
403.848,  318.633,  307.211,  298.160
403.932,  298.473,  280.091,  274.410
404.016,  349.253,  321.291,  320.720
404.100,  323.013,  282.941,  279.730
404.184,  372.493,  313.611,  310.060
404.268,  406.053,  315.231,  309.530
404.352,  424.593,  273.071,  263.170
404.435,  626.533,  305.191,  299.530
404.519, 1512.053,  297.281,  283.440
404.603, 4862.793,  309.431,  293.080
404.687, 2432.483,  334.091,  326.120
404.771,  361.043,  303.321,  296.080
404.854,  325.893,  302.911,  303.360
404.938,  270.983,  263.471,  263.110
405.022,  304.353,  300.891,  293.980
405.106,  332.153,  327.061,  323.740
405.189,  296.653,  293.581,  288.680
405.273,  331.493,  333.071,  326.180
405.357,  325.513,  323.771,  318.340
405.441,  287.673,  287.021,  284.680
405.524,  307.923,  307.861,  303.370
405.608,  296.163,  297.931,  292.080
405.692,  299.123,  297.841,  292.990
405.775,  306.653,  308.431,  306.680
405.859,  302.983,  302.561,  297.970
405.942,  307.493,  310.431,  305.020
406.026,  293.593,  295.881,  288.320
406.110,  290.473,  296.421,  286.180
406.193,  298.273,  295.771,  293.950
406.277,  300.093,  301.281,  291.700
406.360,  315.613,  318.791,  313.580
406.444,  318.693,  318.881,  315.260
406.528,  282.303,  285.841,  280.400
406.611,  309.923,  315.701,  306.650
406.695,  281.753,  285.161,  282.470
406.778,  292.413,  292.881,  290.780
406.862,  309.823,  310.011,  305.730
406.945,  303.113,  303.731,  300.190
407.029,  312.123,  309.811,  307.700
407.112,  302.493,  300.581,  296.570
407.196,  317.793,  316.251,  312.370
407.279,  312.233,  309.621,  305.290
407.362,  314.683,  314.751,  307.640
407.446,  263.643,  255.441,  249.670
407.529,  330.783,  314.761,  307.940
407.613,  348.043,  300.071,  292.920
407.696,  563.293,  310.991,  308.920
407.779,  635.603,  291.391,  285.880
407.863,  350.393,  327.571,  324.070
407.946,  312.423,  311.961,  303.180
408.030,  294.513,  294.681,  293.020
408.113,  287.893,  289.501,  290.050
408.196,  292.733,  298.591,  292.590
408.280,  267.233,  272.871,  266.820
408.363,  309.983,  315.021,  306.610
408.446,  270.763,  273.991,  266.900
408.529,  294.713,  295.701,  292.040
408.613,  295.423,  295.521,  293.470
408.696,  272.373,  273.691,  271.850
408.779,  280.373,  284.231,  277.370
408.862,  286.503,  290.371,  284.970
408.946,  292.163,  293.571,  286.430
409.029,  281.193,  286.761,  284.650
409.112,  258.043,  260.691,  258.180
409.195,  285.103,  288.751,  283.800
409.279,  258.963,  263.411,  258.390
409.362,  304.143,  303.581,  300.300
409.445,  294.813,  296.781,  292.690
409.528,  267.223,  276.891,  269.560
409.611,  305.433,  308.311,  300.210
409.694,  271.963,  273.981,  266.200
409.777,  258.903,  260.551,  257.470
409.861,  306.823,  312.931,  307.650
409.944,  280.013,  282.271,  281.810
410.027,  282.203,  289.871,  280.900
410.110,  281.453,  284.691,  276.770
410.193,  295.383,  297.941,  294.550
410.276,  259.243,  261.401,  257.400
410.359,  288.793,  289.791,  284.050
410.442,  262.593,  268.301,  266.490
410.525,  296.163,  302.921,  297.960
410.608,  257.853,  259.631,  254.400
410.691,  261.453,  266.631,  264.550
410.774,  275.343,  277.061,  271.110
410.857,  265.233,  271.071,  266.290
410.940,  279.973,  282.901,  277.380
411.023,  290.133,  295.121,  293.840
411.106,  278.643,  282.391,  277.930
411.189,  287.953,  288.891,  285.090
411.272,  296.583,  301.331,  298.180
411.355,  267.033,  266.141,  261.660
411.438,  278.243,  276.611,  275.100
411.520,  266.223,  272.441,  266.740
411.603,  275.773,  279.081,  274.400
411.686,  285.383,  289.741,  287.070
411.769,  262.283,  268.251,  261.220
411.852,  298.753,  300.321,  296.520
411.935,  279.803,  288.161,  281.190
412.017,  292.323,  295.251,  290.210
412.100,  286.573,  288.971,  287.390
412.183,  288.833,  293.001,  289.230
412.266,  304.603,  308.841,  300.630
412.349,  307.613,  308.421,  304.430
412.431,  300.873,  303.141,  306.240
412.514,  289.673,  295.071,  289.330
412.597,  270.353,  271.101,  265.760
412.680,  293.393,  297.501,  294.480
412.762,  284.473,  285.571,  280.700
412.845,  302.003,  305.881,  300.800
412.928,  282.763,  286.881,  282.810
413.010,  281.833,  278.031,  278.520
413.093,  308.843,  314.471,  305.390
413.176,  272.363,  281.891,  276.880
413.258,  267.343,  265.981,  266.180
413.341,  295.353,  304.851,  301.450
413.424,  279.973,  283.621,  277.710
413.506,  299.493,  302.211,  300.580
413.589,  241.193,  240.511,  235.790
413.672,  265.333,  269.941,  264.070
413.754,  275.733,  281.281,  275.770
413.837,  262.593,  267.041,  261.780
413.919,  287.433,  289.491,  284.460
414.002,  288.003,  293.201,  289.370
414.084,  282.473,  283.471,  281.550
414.167,  289.313,  292.651,  288.810
414.249,  278.833,  281.761,  277.240
414.332,  267.603,  271.731,  265.230
414.414,  292.633,  298.421,  291.540
414.497,  280.033,  279.801,  279.110
414.579,  288.053,  298.741,  290.600
414.662,  274.183,  274.461,  272.250
414.744,  267.143,  270.641,  263.840
414.827,  288.153,  292.381,  287.470
414.909,  279.473,  286.611,  280.640
414.992,  297.073,  302.851,  295.560
415.074,  284.863,  286.971,  281.650
415.156,  282.643,  289.401,  282.530
415.239,  276.523,  279.031,  273.800
415.321,  270.883,  275.171,  270.550
415.403,  268.573,  270.321,  269.110
415.486,  299.453,  302.041,  294.810
415.568,  278.953,  278.631,  274.840
415.650,  290.313,  294.211,  290.260
415.733,  286.893,  294.351,  290.840
415.815,  282.363,  281.561,  277.590
415.897,  258.133,  262.271,  252.320
415.980,  281.553,  285.841,  279.800
416.062,  269.863,  273.281,  269.620
416.144,  283.823,  289.601,  283.690
416.226,  275.613,  277.371,  272.200
416.309,  289.733,  293.341,  288.100
416.391,  242.323,  243.471,  240.420
416.473,  298.663,  303.701,  299.860
416.555,  278.443,  279.581,  276.300
416.638,  300.313,  302.261,  299.460
416.720,  272.523,  278.311,  273.540
416.802,  269.583,  272.291,  267.170
416.884,  281.583,  286.371,  278.490
416.966,  277.223,  282.311,  275.280
417.048,  268.323,  273.441,  268.170
417.130,  287.353,  292.421,  286.730
417.213,  275.183,  283.101,  282.310
417.295,  317.263,  318.671,  316.140
417.377,  290.923,  293.741,  287.000
417.459,  262.293,  266.651,  262.920
417.541,  294.413,  295.511,  290.440
417.623,  279.463,  279.791,  278.640
417.705,  265.233,  268.541,  260.310
417.787,  300.113,  304.331,  300.410
417.869,  268.793,  273.661,  267.160
417.951,  293.683,  296.931,  293.380
418.033,  286.533,  291.011,  284.430
418.115,  287.363,  292.421,  289.230
418.197,  303.293,  307.631,  301.940
418.279,  295.023,  308.011,  297.930
418.361,  301.503,  305.261,  300.850
418.443,  313.323,  317.911,  312.590
418.525,  263.653,  270.911,  262.510
418.607,  300.693,  300.111,  298.320
418.689,  291.023,  297.491,  290.980
418.771,  284.033,  287.941,  283.250
418.852,  312.753,  321.191,  311.390
418.934,  303.943,  306.651,  301.470
419.016,  288.333,  289.531,  290.800
419.098,  282.653,  284.511,  280.320
419.180,  297.223,  299.801,  292.280
419.262,  287.083,  293.191,  284.660
419.344,  305.203,  307.381,  300.090
419.425,  272.953,  279.891,  268.630
419.507,  304.253,  306.391,  302.220
419.589,  300.613,  301.921,  299.820
419.671,  306.723,  308.171,  303.850
419.752,  313.583,  316.751,  312.080
419.834,  304.693,  307.921,  302.390
419.916,  298.103,  297.761,  293.220
419.998,  271.163,  272.621,  263.330
420.079,  284.543,  287.701,  281.070
420.161,  317.633,  321.901,  314.790
420.243,  297.343,  298.761,  299.680
420.324,  297.023,  303.001,  295.110
420.406,  295.943,  304.071,  295.360
420.488,  306.213,  308.261,  301.200
420.569,  309.693,  314.391,  310.270
420.651,  264.293,  269.361,  259.480
420.733,  286.173,  294.161,  288.120
420.814,  303.633,  306.951,  300.920
420.896,  299.333,  301.221,  301.240
420.978,  302.693,  307.291,  300.740
421.059,  293.303,  294.041,  295.910
421.141,  277.763,  284.151,  274.620
421.222,  291.483,  296.751,  290.540
421.304,  269.043,  271.941,  268.390
421.385,  308.703,  311.621,  309.420
421.467,  281.343,  281.961,  279.590
421.548,  277.763,  280.621,  277.370
421.630,  292.253,  294.061,  293.140
421.711,  291.393,  294.151,  289.120
421.793,  264.993,  267.691,  262.640
421.874,  292.323,  296.401,  293.690
421.956,  303.163,  305.961,  305.740
422.037,  276.133,  277.981,  270.620
422.119,  277.273,  281.481,  278.570
422.200,  271.903,  276.951,  272.620
422.281,  297.963,  306.561,  295.970
422.363,  287.523,  292.611,  286.430
422.444,  293.103,  294.631,  291.470
422.526,  292.133,  293.161,  289.850
422.607,  260.313,  267.381,  256.980
422.688,  274.673,  278.581,  274.030
422.770,  279.273,  288.151,  281.770
422.851,  290.863,  292.791,  285.780
422.932,  295.063,  298.071,  292.510
423.014,  303.263,  306.021,  305.610
423.095,  302.553,  307.401,  302.810
423.176,  302.913,  303.571,  302.750
423.257,  271.673,  274.711,  267.340
423.339,  308.893,  315.081,  306.510
423.420,  272.543,  276.781,  273.450
423.501,  307.083,  310.611,  303.960
423.582,  277.163,  277.091,  273.340
423.664,  302.923,  308.781,  303.920
423.745,  275.683,  275.691,  274.650
423.826,  280.093,  285.571,  274.610
423.907,  283.883,  286.501,  280.330
423.988,  303.693,  310.291,  302.070
424.069,  276.623,  277.681,  274.060
424.151,  300.903,  302.751,  300.470
424.232,  302.713,  307.481,  304.100
424.313,  290.403,  294.781,  293.410
424.394,  303.523,  306.811,  302.620
424.475,  285.883,  287.311,  285.370
424.556,  295.473,  302.051,  293.210
424.637,  288.003,  292.891,  286.890
424.718,  285.743,  289.671,  284.550
424.799,  298.523,  300.291,  294.390
424.880,  277.503,  283.671,  277.580
424.961,  323.243,  324.281,  320.570
425.042,  293.283,  297.311,  294.880
425.123,  304.893,  311.041,  303.970
425.204,  302.503,  306.911,  300.650
425.285,  281.663,  288.181,  281.470
425.366,  289.183,  296.571,  292.060
425.447,  310.813,  312.781,  310.440
425.528,  290.913,  292.381,  286.160
425.609,  307.523,  313.681,  307.880
425.690,  289.773,  292.281,  288.160
425.771,  297.803,  306.041,  300.590
425.852,  276.263,  283.111,  276.320
425.933,  282.313,  288.311,  283.350
426.014,  266.073,  265.371,  264.480
426.095,  312.273,  317.521,  309.920
426.175,  286.393,  291.401,  285.660
426.256,  326.083,  327.251,  324.180
426.337,  305.723,  308.211,  303.470
426.418,  302.533,  305.381,  296.240
426.499,  288.533,  290.821,  282.470
426.580,  291.543,  295.921,  292.210
426.660,  276.073,  279.081,  274.980
426.741,  325.453,  329.251,  325.510
426.822,  317.553,  320.361,  314.900
426.903,  337.443,  338.151,  332.380
426.983,  273.053,  277.451,  273.470
427.064,  303.953,  302.291,  301.060
427.145,  326.623,  329.531,  322.280
427.226,  290.443,  290.431,  286.000
427.306,  328.983,  333.641,  322.900
427.387,  273.113,  275.471,  268.230
427.468,  306.153,  308.601,  303.670
427.548,  292.703,  290.481,  284.460
427.629,  284.053,  287.651,  287.310
427.710,  298.153,  300.351,  297.800
427.790,  303.543,  303.711,  302.260
427.871,  293.543,  297.031,  291.570
427.951,  312.413,  313.751,  310.980
428.032,  297.343,  297.221,  292.290
428.113,  286.723,  288.871,  285.720
428.193,  297.573,  296.641,  294.470
428.274,  305.883,  310.931,  302.920
428.354,  318.913,  320.491,  309.890
428.435,  286.593,  288.301,  286.430
428.515,  300.233,  305.471,  301.890
428.596,  298.803,  302.321,  298.220
428.676,  307.623,  313.431,  305.710
428.757,  297.333,  301.561,  299.530
428.837,  313.793,  317.471,  316.170
428.918,  289.233,  293.561,  288.410
428.998,  308.623,  309.681,  310.680
429.079,  263.223,  273.331,  263.390
429.159,  288.623,  291.501,  285.780
429.239,  291.403,  296.091,  288.200
429.320,  272.053,  276.861,  267.010
429.400,  300.673,  303.821,  301.510
429.481,  301.153,  304.171,  298.020
429.561,  290.233,  293.171,  290.090
429.641,  295.303,  300.741,  296.210
429.722,  296.093,  298.361,  290.190
429.802,  299.093,  296.191,  295.940
429.882,  283.473,  282.641,  282.960
429.963,  296.193,  297.791,  294.300
430.043,  297.633,  301.651,  296.140
430.123,  289.243,  291.781,  289.760
430.204,  305.613,  308.941,  306.490
430.284,  300.783,  302.781,  304.540
430.364,  272.203,  273.331,  268.960
430.444,  295.563,  301.551,  296.690
430.525,  301.633,  306.251,  302.010
430.605,  273.243,  272.391,  270.660
430.685,  291.843,  288.931,  285.370
430.765,  314.643,  320.281,  316.480
430.845,  285.323,  286.921,  283.050
430.925,  311.323,  312.621,  308.060
431.006,  313.613,  316.011,  311.930
431.086,  303.403,  307.091,  301.930
431.166,  274.983,  277.021,  270.200
431.246,  307.983,  308.301,  305.630
431.326,  298.473,  303.091,  298.990
431.406,  301.843,  303.781,  300.130
431.486,  312.533,  313.651,  312.380
431.566,  282.853,  285.501,  281.860
431.646,  286.183,  288.581,  283.060
431.727,  309.253,  311.591,  305.060
431.807,  292.993,  297.861,  291.990
431.887,  313.543,  317.341,  310.210
431.967,  308.773,  309.711,  307.780
432.047,  303.263,  301.351,  300.910
432.127,  337.493,  338.931,  333.030
432.207,  293.983,  300.391,  291.210
432.287,  289.863,  294.211,  288.400
432.367,  320.653,  325.921,  320.430
432.446,  307.093,  309.421,  304.510
432.526,  303.563,  304.611,  300.880
432.606,  292.313,  297.211,  290.880
432.686,  299.973,  298.991,  296.180
432.766,  316.063,  319.271,  313.960
432.846,  308.453,  311.011,  306.250
432.926,  295.893,  299.981,  293.770
433.006,  310.743,  310.591,  308.110
433.086,  323.483,  324.481,  318.750
433.165,  312.533,  309.341,  308.700
433.245,  308.763,  309.571,  305.440
433.325,  307.573,  304.811,  298.640
433.405,  296.013,  292.941,  288.140
433.485,  325.033,  320.421,  315.610
433.565,  312.433,  309.301,  305.640
433.644,  308.513,  301.301,  295.460
433.724,  314.393,  304.781,  303.510
433.804,  328.563,  310.531,  306.930
433.884,  340.263,  292.951,  284.630
433.963,  335.003,  313.021,  310.060
434.043,  311.873,  292.881,  291.420
434.123,  316.153,  303.791,  299.150
434.202,  322.743,  308.451,  304.830
434.282,  306.193,  283.721,  281.830
434.362,  318.973,  295.851,  292.260
434.441,  314.453,  289.291,  286.140
434.521,  331.093,  297.441,  294.530
434.601,  341.753,  301.441,  293.980
434.680,  373.813,  269.891,  264.340
434.760,  401.233,  310.081,  304.840
434.839,  336.783,  298.271,  291.590
434.919,  327.673,  292.521,  287.880
434.999,  350.633,  308.921,  303.420
435.078,  347.183,  294.171,  294.140
435.158,  343.373,  280.801,  275.730
435.237,  403.463,  322.211,  315.760
435.317,  394.293,  280.751,  277.190
435.396,  464.413,  290.881,  284.650
435.476,  559.473,  284.561,  278.870
435.555,  800.403,  298.611,  290.980
435.635, 1434.343,  304.811,  298.620
435.714, 5065.083,  308.101,  290.320
435.794,16479.184,  322.071,  275.020
435.873, 4981.383,  332.761,  312.130
435.953,  478.253,  284.971,  283.160
436.032,  387.633,  310.181,  304.360
436.111,  316.853,  277.661,  274.600
436.191,  313.403,  295.921,  288.220
436.270,  323.153,  310.721,  307.030
436.349,  287.333,  274.431,  275.030
436.429,  297.413,  286.461,  285.850
436.508,  298.133,  291.061,  285.120
436.588,  283.563,  280.671,  275.260
436.667,  277.613,  272.351,  271.630
436.746,  283.173,  278.281,  275.290
436.825,  267.393,  265.941,  261.140
436.905,  274.053,  276.181,  269.600
436.984,  290.543,  288.511,  284.270
437.063,  312.683,  314.421,  307.080
437.143,  278.353,  279.301,  274.990
437.222,  284.323,  285.671,  282.060
437.301,  302.683,  304.721,  295.320
437.380,  266.943,  267.451,  258.720
437.459,  283.983,  286.541,  281.920
437.539,  308.993,  301.361,  300.030
437.618,  284.553,  288.391,  282.220
437.697,  312.803,  312.991,  308.290
437.776,  263.963,  264.131,  257.370
437.855,  277.143,  282.221,  275.580
437.934,  274.703,  277.591,  268.250
438.014,  286.913,  290.661,  284.740
438.093,  308.393,  307.611,  304.020
438.172,  273.443,  273.561,  268.500
438.251,  302.973,  302.021,  299.660
438.330,  291.083,  290.021,  285.400
438.409,  277.533,  280.591,  274.930
438.488,  275.313,  275.181,  268.420
438.567,  311.803,  311.931,  308.050
438.646,  290.093,  289.991,  287.040
438.725,  293.723,  295.611,  294.650
438.804,  255.883,  259.081,  255.110
438.883,  255.973,  259.841,  257.900
438.962,  285.853,  284.581,  284.020
439.041,  284.773,  286.401,  282.530
439.120,  281.963,  285.171,  279.080
439.199,  299.393,  310.111,  299.310
439.278,  285.163,  291.901,  289.700
439.357,  278.023,  283.101,  276.070
439.436,  270.413,  273.191,  268.200
439.515,  274.563,  277.691,  273.930
439.593,  283.963,  286.531,  279.670
439.672,  275.093,  276.821,  275.070
439.751,  278.923,  282.511,  278.500
439.830,  273.163,  271.831,  266.770
439.909,  295.733,  296.551,  292.300
439.988,  264.333,  269.361,  268.030
440.066,  289.083,  293.891,  288.550
440.145,  300.063,  301.451,  297.520
440.224,  281.653,  286.221,  280.450
440.303,  300.353,  299.591,  298.220
440.382,  286.233,  292.401,  281.360
440.460,  297.923,  303.651,  293.800
440.539,  292.093,  296.831,  288.510
440.618,  294.033,  299.191,  291.870
440.697,  316.963,  319.991,  316.440
440.775,  314.803,  318.161,  312.490
440.854,  294.403,  296.611,  291.710
440.933,  272.213,  276.931,  270.860
441.011,  284.863,  293.621,  286.420
441.090,  294.893,  299.891,  294.560
441.169,  286.433,  293.181,  288.620
441.247,  287.553,  290.011,  288.460
441.326,  270.193,  274.231,  262.010
441.404,  292.733,  295.391,  291.640
441.483,  281.833,  288.061,  282.020
441.562,  309.413,  311.841,  306.890
441.640,  304.693,  316.291,  308.320
441.719,  294.503,  298.831,  294.220
441.797,  316.533,  323.061,  317.810
441.876,  295.823,  300.961,  297.970
441.954,  290.033,  291.141,  288.890
442.033,  330.143,  334.581,  331.100
442.111,  294.063,  297.651,  291.990
442.190,  318.623,  316.631,  313.940
442.268,  292.813,  299.201,  294.700
442.347,  309.073,  311.851,  307.480
442.425,  310.393,  312.881,  310.210
442.504,  290.583,  292.511,  291.590
442.582,  308.243,  312.281,  308.790
442.660,  315.483,  319.521,  316.910
442.739,  308.153,  308.281,  308.420
442.817,  317.783,  322.501,  313.760
442.896,  301.833,  308.631,  302.670
442.974,  324.283,  322.811,  321.070
443.052,  289.593,  289.861,  285.840
443.131,  286.233,  292.891,  290.810
443.209,  339.873,  342.551,  342.330
443.287,  291.553,  296.731,  290.910
443.366,  317.773,  322.121,  316.130
443.444,  310.443,  309.931,  307.330
443.522,  279.733,  281.181,  279.350
443.600,  304.243,  306.451,  303.640
443.679,  317.943,  319.771,  315.560
443.757,  290.683,  295.841,  288.820
443.835,  294.293,  297.791,  291.070
443.913,  291.923,  294.371,  286.460
443.992,  304.843,  303.881,  301.350
444.070,  297.363,  297.041,  297.120
444.148,  298.523,  298.631,  297.900
444.226,  321.463,  324.371,  317.020
444.304,  291.263,  294.471,  294.380
444.383,  312.863,  313.821,  307.370
444.461,  311.843,  311.011,  305.220
444.539,  285.813,  284.901,  281.100
444.617,  300.623,  296.951,  294.830
444.695,  321.263,  322.031,  313.420
444.773,  302.703,  299.941,  292.490
444.851,  309.613,  307.381,  301.610
444.929,  303.343,  300.481,  294.750
445.007,  298.453,  298.231,  292.580
445.085,  330.633,  329.831,  326.170
445.163,  310.243,  310.561,  308.990
445.241,  313.973,  311.731,  307.270
445.319,  294.643,  298.111,  291.020
445.397,  286.933,  287.681,  280.060
445.475,  306.703,  306.981,  301.040
445.553,  274.783,  275.461,  271.180
445.631,  308.013,  314.901,  305.850
445.709,  318.993,  321.701,  315.980
445.787,  291.783,  294.691,  290.000
445.865,  302.013,  304.301,  298.750
445.943,  306.413,  311.551,  305.600
446.021,  306.773,  309.651,  302.330
446.099,  334.993,  337.191,  330.140
446.177,  288.473,  290.481,  283.090
446.254,  304.243,  303.531,  302.650
446.332,  283.633,  290.131,  283.210
446.410,  300.493,  299.861,  296.370
446.488,  298.643,  293.401,  294.240
446.566,  310.883,  316.611,  309.610
446.644,  292.713,  296.251,  289.780
446.721,  292.523,  292.971,  288.960
446.799,  301.813,  300.591,  300.910
446.877,  301.013,  302.041,  299.130
446.955,  280.613,  279.041,  279.120
447.032,  306.343,  308.121,  300.620
447.110,  281.123,  284.681,  275.600
447.188,  317.723,  320.811,  313.640
447.266,  299.533,  295.531,  292.650
447.343,  291.913,  290.841,  289.360
447.421,  296.463,  297.901,  292.610
447.499,  294.473,  297.431,  292.050
447.576,  292.973,  292.061,  290.630
447.654,  293.653,  290.851,  286.770
447.731,  299.763,  293.261,  291.040
447.809,  285.493,  286.931,  281.820
447.887,  286.433,  284.471,  278.360
447.964,  284.043,  283.781,  279.630
448.042,  311.633,  313.241,  306.780
448.119,  300.353,  301.101,  296.870
448.197,  317.893,  319.411,  310.700
448.274,  320.063,  322.821,  316.250
448.352,  286.113,  287.831,  285.400
448.430,  312.633,  312.171,  307.590
448.507,  300.863,  302.861,  298.050
448.585,  301.573,  306.331,  300.460
448.662,  293.023,  292.371,  288.950
448.739,  298.463,  304.551,  294.580
448.817,  309.343,  304.381,  302.860
448.894,  297.603,  302.671,  299.050
448.972,  299.163,  298.191,  291.500
449.049,  275.783,  275.181,  271.890
449.127,  341.833,  343.351,  336.520
449.204,  304.653,  310.841,  302.150
449.281,  303.793,  305.581,  300.780
449.359,  294.983,  289.911,  287.250
449.436,  292.503,  290.391,  285.200
449.513,  305.293,  301.091,  295.520
449.591,  288.793,  287.901,  285.020
449.668,  300.233,  307.521,  300.120
449.745,  302.393,  302.071,  292.910
449.823,  297.353,  293.051,  289.900
449.900,  296.063,  296.651,  292.340
449.977,  288.083,  286.221,  282.640
450.055,  285.433,  289.111,  282.480
450.132,  297.793,  301.601,  293.660
450.209,  272.313,  273.401,  268.970
450.286,  319.293,  320.581,  309.730
450.363,  304.443,  305.341,  301.130
450.441,  286.433,  285.911,  278.820
450.518,  294.003,  293.131,  293.530
450.595,  270.213,  267.061,  262.770
450.672,  313.593,  314.841,  307.410
450.749,  282.713,  286.801,  279.080
450.826,  287.803,  289.461,  288.040
450.904,  292.703,  292.711,  286.280
450.981,  278.683,  277.301,  272.880
451.058,  287.123,  287.261,  283.660
451.135,  288.383,  288.211,  282.420
451.212,  284.453,  281.691,  280.610
451.289,  298.243,  294.971,  295.440
451.366,  281.343,  282.271,  281.690
451.443,  300.213,  298.941,  295.660
451.520,  305.373,  307.791,  300.930
451.597,  291.483,  292.151,  287.510
451.674,  309.463,  311.911,  307.080
451.751,  304.733,  300.341,  299.770
451.828,  283.743,  285.111,  281.650
451.905,  289.683,  292.501,  289.120
451.982,  311.813,  310.671,  303.180
452.059,  283.663,  278.921,  275.180
452.136,  296.833,  298.471,  291.320
452.213,  291.743,  293.331,  286.610
452.290,  301.883,  304.241,  295.710
452.367,  308.313,  307.211,  299.300
452.444,  325.883,  326.351,  323.060
452.520,  291.763,  291.061,  290.520
452.597,  304.403,  305.451,  299.420
452.674,  295.843,  298.601,  289.830
452.751,  303.133,  306.581,  296.350
452.828,  300.573,  294.481,  293.090
452.905,  313.183,  317.571,  315.900
452.981,  282.573,  281.951,  279.570
453.058,  283.513,  287.141,  281.660
453.135,  329.473,  332.031,  326.800
453.212,  312.623,  315.141,  310.460
453.288,  314.173,  313.421,  311.310
453.365,  284.243,  285.831,  282.730
453.442,  301.693,  302.551,  297.390
453.518,  329.253,  334.001,  325.310
453.595,  304.953,  308.891,  303.610
453.672,  304.813,  303.791,  301.440
453.749,  276.553,  278.431,  271.520
453.825,  299.103,  299.871,  295.410
453.902,  303.403,  302.741,  301.080
453.978,  300.653,  303.621,  299.200
454.055,  307.233,  309.701,  308.170
454.132,  319.753,  318.981,  318.120
454.208,  300.573,  305.941,  300.680
454.285,  302.843,  305.741,  299.270
454.361,  280.953,  284.931,  280.360
454.438,  282.943,  283.081,  280.460
454.515,  301.823,  302.191,  301.040
454.591,  296.613,  303.631,  296.080
454.668,  290.633,  293.191,  289.810
454.744,  305.653,  310.421,  304.960
454.821,  290.223,  298.001,  291.770
454.897,  297.583,  297.851,  294.000
454.974,  281.873,  285.701,  278.900
455.050,  285.523,  294.941,  284.380
455.126,  297.363,  296.371,  298.680
455.203,  313.493,  316.961,  313.950
455.279,  291.703,  292.441,  291.630
455.356,  304.653,  306.461,  303.940
455.432,  278.113,  282.751,  280.480
455.508,  322.803,  327.781,  321.810
455.585,  310.903,  311.991,  308.630
455.661,  289.473,  292.851,  288.730
455.738,  297.963,  306.131,  299.730
455.814,  279.403,  289.281,  280.650
455.890,  303.073,  308.301,  302.770
455.967,  289.803,  291.741,  286.630
456.043,  286.333,  294.711,  287.430
456.119,  318.923,  322.961,  320.110
456.195,  313.033,  312.091,  308.160
456.272,  305.493,  319.141,  309.010
456.348,  283.503,  288.811,  285.040
456.424,  308.903,  318.251,  313.270
456.500,  298.863,  303.711,  296.220
456.577,  281.023,  283.881,  278.160
456.653,  301.153,  300.561,  295.850
456.729,  301.933,  303.961,  300.320
456.805,  300.393,  304.841,  298.310
456.881,  310.233,  315.261,  308.600
456.957,  282.373,  292.861,  283.500
457.034,  302.963,  306.731,  303.710
457.110,  313.193,  316.251,  313.000
457.186,  327.493,  330.561,  327.430
457.262,  306.943,  312.711,  305.980
457.338,  289.033,  297.901,  292.300
457.414,  312.593,  319.291,  313.890
457.490,  322.133,  323.651,  321.750
457.566,  297.693,  300.671,  299.390
457.642,  316.773,  322.831,  318.750
457.718,  291.143,  298.151,  288.270
457.794,  290.883,  296.261,  296.510
457.870,  280.563,  285.151,  277.980
457.946,  292.173,  299.871,  292.670
458.022,  315.933,  318.611,  314.200
458.098,  318.303,  321.621,  316.020
458.174,  299.663,  306.911,  299.900
458.250,  307.793,  317.711,  309.450
458.326,  300.763,  300.531,  298.610
458.402,  309.803,  309.871,  309.850
458.478,  321.343,  326.781,  319.700
458.554,  297.333,  308.141,  302.320
458.629,  310.873,  315.901,  313.470
458.705,  292.063,  297.571,  293.550
458.781,  318.353,  326.731,  315.290
458.857,  285.133,  285.461,  280.460
458.933,  278.413,  279.701,  272.920
459.009,  294.513,  298.071,  291.970
459.084,  296.693,  303.591,  294.870
459.160,  290.343,  294.541,  288.760
459.236,  287.313,  293.831,  292.860
459.312,  296.133,  303.601,  300.650
459.387,  304.583,  307.561,  304.650
459.463,  291.963,  295.591,  290.150
459.539,  287.463,  294.621,  287.760
459.615,  285.183,  287.901,  284.590
459.690,  285.203,  290.051,  287.960
459.766,  308.353,  312.791,  307.430
459.842,  273.103,  274.021,  273.860
459.917,  280.173,  286.181,  279.580
459.993,  290.193,  295.371,  289.180
460.069,  326.433,  327.581,  325.960
460.144,  299.443,  301.731,  296.180
460.220,  326.303,  333.211,  329.940
460.295,  283.803,  293.351,  285.030
460.371,  291.453,  293.851,  289.100
460.447,  316.853,  324.031,  314.200
460.522,  266.413,  274.801,  265.280
460.598,  285.963,  294.471,  282.640
460.673,  291.633,  297.021,  293.010
460.749,  294.133,  296.271,  292.880
460.824,  287.403,  288.701,  285.550
460.900,  271.673,  273.521,  268.960
460.975,  287.733,  289.771,  284.990
461.051,  309.713,  308.861,  307.180
461.126,  270.523,  270.521,  265.940
461.202,  296.223,  295.281,  290.580
461.277,  267.633,  274.401,  267.230
461.352,  288.073,  295.581,  288.660
461.428,  302.203,  309.651,  305.680
461.503,  305.173,  310.081,  305.400
461.579,  290.483,  292.271,  285.870
461.654,  290.553,  292.641,  290.760
461.729,  276.983,  280.001,  276.150
461.805,  295.063,  297.571,  292.530
461.880,  277.443,  277.181,  276.210
461.955,  266.383,  271.251,  266.640
462.031,  291.583,  300.121,  292.790
462.106,  283.643,  288.281,  283.430
462.181,  300.783,  308.611,  304.600
462.256,  272.163,  278.361,  272.770
462.332,  298.833,  300.131,  294.700
462.407,  296.653,  298.131,  293.130
462.482,  280.113,  289.471,  283.040
462.557,  281.953,  286.101,  283.120
462.633,  281.533,  285.201,  279.320
462.708,  263.343,  264.841,  260.680
462.783,  274.203,  275.941,  274.710
462.858,  304.023,  310.091,  302.060
462.933,  279.613,  289.561,  279.540
463.008,  291.943,  290.621,  285.550
463.084,  291.153,  293.511,  286.750
463.159,  295.593,  298.021,  293.040
463.234,  279.503,  286.951,  281.380
463.309,  287.003,  289.291,  283.810
463.384,  292.243,  298.021,  289.800
463.459,  273.233,  277.121,  271.430
463.534,  275.503,  279.461,  274.240
463.609,  290.933,  289.051,  290.520
463.684,  275.773,  284.751,  274.010
463.759,  267.993,  275.241,  270.790
463.834,  268.913,  273.661,  264.590
463.909,  305.893,  308.701,  298.630
463.984,  276.703,  277.091,  275.400
464.059,  303.763,  305.881,  303.760
464.134,  304.863,  305.151,  302.120
464.209,  252.413,  258.151,  253.770
464.284,  290.953,  295.031,  291.040
464.359,  320.763,  323.471,  315.470
464.434,  285.203,  284.841,  280.820
464.509,  287.843,  291.171,  284.270
464.583,  281.143,  285.161,  279.470
464.658,  309.753,  317.041,  312.450
464.733,  288.663,  295.421,  285.240
464.808,  275.593,  278.361,  274.870
464.883,  271.873,  279.611,  270.420
464.958,  281.763,  285.841,  281.610
465.032,  298.343,  307.361,  301.830
465.107,  271.983,  276.371,  271.420
465.182,  261.933,  273.551,  265.760
465.257,  277.183,  283.451,  280.490
465.331,  298.313,  306.351,  297.250
465.406,  278.783,  278.321,  277.540
465.481,  272.313,  275.871,  271.020
465.556,  272.333,  276.011,  272.450
465.630,  292.563,  299.651,  291.000
465.705,  305.283,  313.181,  302.980
465.780,  270.683,  279.611,  269.100
465.854,  275.203,  280.361,  274.980
465.929,  302.063,  307.411,  303.430
466.004,  284.553,  290.881,  283.220
466.078,  278.663,  281.071,  278.980
466.153,  275.223,  274.921,  277.720
466.227,  294.733,  298.071,  294.490
466.302,  288.363,  295.941,  288.480
466.377,  275.113,  283.591,  275.240
466.451,  279.463,  286.661,  280.470
466.526,  291.793,  296.411,  290.300
466.600,  299.433,  300.901,  296.420
466.675,  296.343,  300.241,  295.630
466.749,  276.543,  280.981,  276.670
466.824,  283.883,  296.871,  289.560
466.898,  305.513,  314.531,  306.670
466.973,  306.243,  310.301,  303.980
467.047,  290.223,  295.931,  287.850
467.122,  308.623,  317.401,  309.900
467.196,  269.353,  266.421,  261.830
467.270,  307.313,  310.091,  308.290
467.345,  291.763,  298.751,  291.590
467.419,  296.383,  298.141,  294.300
467.494,  282.193,  288.731,  280.970
467.568,  255.773,  259.671,  259.400
467.642,  301.923,  310.931,  305.470
467.717,  292.313,  295.231,  285.530
467.791,  295.913,  300.351,  295.340
467.865,  311.093,  318.011,  305.940
467.940,  286.053,  294.851,  287.330
468.014,  303.163,  311.411,  303.970
468.088,  287.123,  293.571,  285.290
468.162,  270.143,  273.691,  267.710
468.237,  308.293,  308.651,  307.430
468.311,  305.253,  313.221,  302.990
468.385,  292.983,  296.051,  294.280
468.459,  288.383,  293.991,  288.930
468.534,  282.583,  291.251,  286.610
468.608,  297.873,  304.461,  297.820
468.682,  280.293,  282.161,  276.540
468.756,  293.523,  301.151,  296.600
468.830,  311.323,  316.301,  310.780
468.904,  294.683,  299.841,  294.190
468.978,  301.113,  309.231,  302.300
469.053,  304.003,  304.081,  300.960
469.127,  266.293,  272.401,  268.250
469.201,  316.743,  323.581,  312.520
469.275,  297.193,  303.051,  295.680
469.349,  303.633,  308.281,  303.130
469.423,  304.933,  311.461,  302.790
469.497,  299.263,  309.501,  302.380
469.571,  290.033,  293.541,  287.730
469.645,  270.803,  274.881,  267.000
469.719,  273.883,  278.961,  272.720
469.793,  314.403,  313.901,  310.650
469.867,  297.443,  303.361,  296.770
469.941,  265.643,  270.671,  265.830
470.015,  312.993,  315.361,  310.300
470.089,  278.043,  284.101,  278.830
470.163,  295.843,  306.271,  297.630
470.236,  287.643,  297.131,  286.330
470.310,  284.683,  291.131,  281.200
470.384,  310.273,  314.421,  310.360
470.458,  316.503,  321.961,  312.930
470.532,  304.263,  310.861,  301.900
470.606,  277.623,  281.521,  277.330
470.680,  319.813,  326.321,  321.030
470.753,  320.923,  326.481,  320.610
470.827,  291.243,  291.131,  288.510
470.901,  294.063,  304.211,  296.810
470.975,  306.693,  312.521,  307.950
471.049,  266.783,  272.041,  265.800
471.122,  294.563,  300.851,  294.030
471.196,  266.953,  268.481,  267.070
471.270,  283.483,  284.661,  281.180
471.343,  283.113,  289.381,  283.970
471.417,  292.143,  298.721,  293.950
471.491,  295.753,  303.721,  293.980
471.564,  293.993,  298.931,  291.700
471.638,  301.583,  302.901,  298.340
471.712,  296.953,  305.821,  298.370
471.785,  294.133,  300.881,  291.630
471.859,  313.483,  324.011,  313.600
471.933,  292.093,  295.911,  291.500
472.006,  278.223,  284.771,  279.540
472.080,  303.153,  312.591,  305.490
472.153,  275.473,  282.791,  273.410
472.227,  266.583,  273.321,  270.460
472.300,  307.203,  312.401,  306.230
472.374,  299.973,  303.281,  300.520
472.448,  275.413,  277.691,  273.990
472.521,  260.083,  268.631,  262.010
472.594,  304.983,  312.761,  305.170
472.668,  297.573,  298.891,  295.280
472.741,  273.573,  280.301,  274.050
472.815,  311.613,  320.181,  312.170
472.888,  271.293,  274.861,  268.690
472.962,  296.343,  304.171,  292.730
473.035,  276.323,  283.021,  276.230
473.109,  298.263,  303.541,  298.170
473.182,  294.633,  300.651,  293.140
473.255,  262.573,  268.161,  264.160
473.329,  292.373,  297.981,  291.740
473.402,  286.473,  294.351,  286.900
473.475,  263.453,  267.311,  261.070
473.549,  265.933,  272.651,  264.960
473.622,  286.383,  290.591,  283.220
473.695,  303.863,  309.401,  302.500
473.769,  310.593,  318.261,  308.800
473.842,  280.233,  286.731,  277.510
473.915,  304.963,  311.171,  305.490
473.988,  299.233,  303.391,  297.840
474.061,  290.143,  296.871,  290.900
474.135,  314.673,  321.131,  315.850
474.208,  289.023,  293.041,  288.820
474.281,  293.133,  299.541,  292.500
474.354,  291.143,  297.431,  292.830
474.427,  260.703,  264.581,  260.170
474.501,  297.513,  302.951,  293.880
474.574,  290.243,  296.671,  291.590
474.647,  262.423,  269.261,  259.210
474.720,  331.423,  336.981,  328.710
474.793,  258.183,  263.641,  260.800
474.866,  293.203,  297.481,  292.180
474.939,  314.663,  318.581,  311.460
475.012,  300.873,  306.261,  303.050
475.085,  287.233,  290.611,  285.440
475.158,  285.593,  295.791,  288.170
475.231,  285.783,  295.741,  287.270
475.304,  312.883,  317.811,  312.240
475.377,  285.533,  288.651,  280.290
475.450,  306.803,  315.341,  309.780
475.523,  293.753,  295.751,  291.000
475.596,  295.633,  290.971,  287.990
475.669,  311.363,  310.101,  307.280
475.742,  290.783,  294.341,  291.030
475.815,  295.483,  297.191,  294.410
475.888,  285.143,  290.831,  283.410
475.961,  312.303,  321.721,  313.830
476.034,  269.633,  273.261,  270.500
476.107,  302.433,  306.111,  298.830
476.179,  313.793,  313.321,  312.730
476.252,  307.433,  315.581,  306.690
476.325,  271.823,  276.271,  270.740
476.398,  290.693,  297.571,  288.740
476.471,  299.473,  308.281,  303.220
476.543,  317.093,  324.801,  318.120
476.616,  281.723,  285.261,  284.620
476.689,  300.903,  307.331,  297.910
476.762,  286.783,  287.831,  285.060
476.834,  298.623,  306.741,  298.110
476.907,  275.343,  281.581,  276.750
476.980,  306.173,  311.681,  307.230
477.053,  313.993,  318.741,  312.460
477.125,  295.183,  305.781,  297.070
477.198,  332.913,  336.701,  330.170
477.271,  296.653,  303.481,  299.750
477.343,  312.903,  312.791,  316.860
477.416,  332.863,  340.281,  331.530
477.488,  329.373,  334.531,  329.480
477.561,  295.753,  301.101,  295.250
477.634,  288.923,  290.691,  288.740
477.706,  306.663,  313.481,  304.290
477.779,  327.943,  336.121,  333.190
477.851,  319.593,  327.641,  318.480
477.924,  319.163,  322.661,  312.180
477.996,  278.613,  286.011,  279.500
478.069,  284.913,  293.041,  284.340
478.141,  309.223,  314.831,  312.670
478.214,  281.183,  286.811,  280.190
478.286,  286.723,  292.051,  291.800
478.359,  312.503,  317.031,  311.530
478.431,  303.113,  306.861,  303.880
478.504,  301.293,  304.691,  300.250
478.576,  318.843,  323.171,  313.940
478.648,  303.903,  308.381,  304.380
478.721,  313.913,  321.121,  314.810
478.793,  277.553,  283.981,  280.570
478.866,  328.573,  335.881,  330.380
478.938,  294.693,  299.051,  294.140
479.010,  278.443,  283.901,  281.250
479.083,  282.233,  286.891,  282.020
479.155,  309.043,  310.771,  306.700
479.227,  294.173,  299.511,  296.500
479.299,  299.063,  304.091,  297.620
479.372,  324.743,  331.041,  323.310
479.444,  291.643,  294.671,  289.750
479.516,  290.573,  293.861,  289.560
479.589,  271.403,  277.731,  272.220
479.661,  308.093,  315.721,  306.670
479.733,  288.633,  293.751,  287.280
479.805,  303.963,  304.861,  298.160
479.877,  291.023,  299.591,  292.730
479.949,  281.073,  282.561,  278.650
480.022,  316.943,  320.751,  312.620
480.094,  259.183,  257.061,  257.720
480.166,  278.493,  276.121,  276.800
480.238,  303.123,  311.561,  309.090
480.310,  291.273,  296.971,  288.550
480.382,  283.023,  284.131,  282.760
480.454,  281.543,  289.301,  284.250
480.526,  282.293,  291.691,  281.760
480.598,  298.603,  304.621,  299.850
480.670,  287.933,  292.751,  287.750
480.742,  312.603,  317.201,  312.570
480.814,  300.543,  307.611,  304.520
480.886,  281.123,  284.341,  280.810
480.958,  288.393,  296.311,  285.840
481.030,  274.523,  278.381,  274.540
481.102,  282.343,  283.531,  280.250
481.174,  297.673,  304.051,  295.040
481.246,  292.843,  295.091,  293.190
481.318,  320.113,  323.211,  317.470
481.390,  287.813,  293.851,  287.670
481.462,  284.363,  287.011,  288.270
481.534,  302.853,  309.051,  302.720
481.606,  281.493,  285.571,  280.890
481.677,  334.133,  334.371,  332.740
481.749,  288.473,  295.041,  288.380
481.821,  292.153,  294.411,  290.680
481.893,  296.323,  301.811,  297.720
481.965,  285.403,  288.171,  279.290
482.036,  295.213,  296.681,  293.730
482.108,  288.933,  295.221,  289.560
482.180,  301.693,  306.971,  302.740
482.252,  291.323,  296.111,  291.530
482.323,  270.683,  275.811,  272.040
482.395,  268.253,  272.231,  271.400
482.467,  273.563,  280.591,  273.530
482.539,  279.783,  279.711,  276.940
482.610,  284.933,  290.811,  288.850
482.682,  284.653,  295.311,  287.270
482.754,  265.533,  268.881,  265.090
482.825,  292.513,  297.971,  291.920
482.897,  280.063,  291.621,  287.370
482.968,  283.873,  287.861,  282.920
483.040,  299.293,  303.601,  297.450
483.112,  297.193,  297.001,  295.740
483.183,  310.913,  316.501,  308.330
483.255,  272.103,  279.761,  269.780
483.326,  276.173,  285.631,  276.150
483.398,  319.473,  325.441,  317.440
483.469,  268.783,  275.581,  267.470
483.541,  302.903,  304.811,  303.820
483.612,  286.913,  292.511,  288.460
483.684,  274.743,  279.911,  273.750
483.755,  276.183,  285.721,  276.540
483.827,  268.383,  272.771,  267.430
483.898,  285.763,  292.991,  286.470
483.970,  312.413,  316.941,  312.190
484.041,  282.373,  289.981,  283.270
484.112,  299.573,  304.981,  297.250
484.184,  279.113,  283.461,  279.760
484.255,  271.283,  275.421,  272.550
484.326,  290.163,  290.531,  287.960
484.398,  287.893,  293.421,  289.180
484.469,  282.403,  293.091,  284.110
484.540,  290.513,  296.041,  290.080
484.612,  286.853,  291.331,  284.240
484.683,  285.103,  291.221,  286.640
484.754,  273.973,  278.261,  275.140
484.826,  282.243,  283.301,  276.960
484.897,  296.713,  304.111,  297.740
484.968,  274.693,  279.121,  274.660
485.039,  312.913,  316.661,  311.420
485.111,  270.743,  277.601,  269.280
485.182,  310.413,  317.411,  312.390
485.253,  306.593,  312.711,  303.570
485.324,  288.633,  291.431,  290.110
485.395,  281.383,  285.501,  281.760
485.466,  294.073,  302.061,  295.210
485.537,  276.543,  281.481,  277.880
485.609,  300.223,  304.091,  297.210
485.680,  290.803,  295.671,  290.510
485.751,  302.213,  308.681,  301.620
485.822,  301.383,  308.541,  300.030
485.893,  288.623,  293.831,  285.940
485.964,  314.513,  320.001,  314.250
486.035,  284.493,  288.211,  286.650
486.106,  286.503,  291.211,  283.410
486.177,  266.113,  273.751,  268.050
486.248,  329.933,  336.331,  329.560
486.319,  314.833,  320.601,  314.330
486.390,  300.043,  307.411,  301.990
486.461,  309.703,  314.451,  307.230
486.532,  287.133,  295.581,  287.970
486.603,  298.183,  302.901,  295.310
486.674,  291.383,  299.831,  289.630
486.745,  280.593,  289.551,  280.700
486.815,  273.373,  278.251,  270.720
486.886,  277.123,  280.471,  274.580
486.957,  296.363,  302.191,  293.400
487.028,  284.453,  291.051,  282.170
487.099,  316.163,  321.151,  315.760
487.170,  310.473,  316.871,  310.180
487.241,  284.623,  293.311,  289.250
487.311,  311.023,  318.341,  311.330
487.382,  259.373,  262.691,  258.010
487.453,  292.033,  296.861,  290.100
487.524,  309.233,  315.281,  309.020
487.594,  289.043,  293.551,  289.830
487.665,  295.473,  302.981,  294.180
487.736,  280.953,  285.171,  278.210
487.806,  300.873,  307.121,  299.140
487.877,  286.523,  292.071,  285.950
487.948,  309.243,  311.261,  308.490
488.018,  328.083,  335.941,  327.240
488.089,  296.813,  302.081,  296.930
488.160,  289.253,  298.231,  290.670
488.230,  287.433,  298.641,  289.910
488.301,  314.753,  321.191,  312.560
488.372,  311.303,  318.031,  313.680
488.442,  273.533,  278.041,  272.640
488.513,  318.103,  324.581,  314.890
488.583,  301.733,  309.081,  301.440
488.654,  300.133,  307.421,  298.610
488.724,  315.423,  322.121,  313.250
488.795,  305.723,  315.061,  304.170
488.865,  284.733,  289.151,  281.560
488.936,  327.713,  332.841,  325.360
489.006,  279.643,  285.531,  283.580
489.077,  288.023,  287.321,  287.480
489.147,  299.783,  304.981,  300.270
489.218,  285.473,  294.821,  287.010
489.288,  309.113,  309.971,  303.880
489.358,  284.143,  289.151,  282.200
489.429,  301.383,  306.571,  300.200
489.499,  316.543,  322.131,  314.530
489.570,  301.303,  305.181,  298.430
489.640,  285.323,  289.191,  283.270
489.710,  264.323,  275.771,  267.990
489.781,  302.083,  308.901,  304.320
489.851,  299.393,  306.271,  301.300
489.921,  289.183,  295.121,  289.700
489.991,  291.173,  291.701,  286.200
490.062,  313.943,  314.411,  309.540
490.132,  277.123,  280.531,  274.330
490.202,  318.133,  324.561,  320.780
490.272,  305.273,  310.421,  301.230
490.343,  303.403,  307.861,  304.380
490.413,  304.393,  309.771,  302.020
490.483,  308.103,  312.121,  309.840
490.553,  302.933,  311.911,  299.820
490.623,  292.503,  297.351,  289.570
490.693,  288.183,  296.001,  290.860
490.764,  304.423,  311.211,  298.700
490.834,  296.663,  301.091,  292.470
490.904,  314.953,  320.231,  312.680
490.974,  303.063,  304.071,  305.320
491.044,  272.343,  276.821,  270.440
491.114,  293.473,  297.711,  288.960
491.184,  293.233,  295.401,  286.500
491.254,  316.473,  320.561,  310.630
491.324,  325.413,  329.241,  322.120
491.394,  296.663,  296.421,  290.100
491.464,  299.033,  288.011,  276.640
491.534,  359.743,  320.141,  308.630
491.604,  306.783,  280.041,  273.530
491.674,  288.533,  288.291,  283.860
491.744,  283.093,  291.761,  280.950
491.814,  320.863,  327.371,  323.020
491.884,  297.813,  299.531,  295.220
491.954,  290.393,  297.351,  292.990
492.024,  296.463,  302.841,  295.260
492.094,  282.963,  287.171,  280.730
492.163,  313.003,  312.721,  310.840
492.233,  292.833,  295.261,  291.130
492.303,  326.383,  335.361,  324.650
492.373,  296.253,  304.761,  293.650
492.443,  279.623,  286.611,  280.750
492.512,  278.693,  279.401,  275.750
492.582,  298.013,  302.211,  298.120
492.652,  276.953,  280.721,  273.250
492.722,  310.583,  317.971,  305.990
492.792,  308.023,  310.481,  304.420
492.861,  299.033,  310.671,  301.430
492.931,  287.443,  291.361,  290.590
493.001,  306.273,  310.791,  303.200
493.070,  291.703,  296.201,  289.880
493.140,  320.193,  324.021,  318.020
493.210,  299.293,  301.941,  298.290
493.279,  294.923,  300.961,  292.310
493.349,  277.073,  279.191,  269.880
493.419,  280.953,  281.341,  278.610
493.488,  304.993,  308.771,  302.870
493.558,  296.433,  301.651,  297.190
493.627,  300.623,  303.141,  293.640
493.697,  296.883,  298.451,  290.560
493.766,  273.083,  276.441,  271.560
493.836,  302.093,  307.131,  302.650
493.905,  276.503,  283.921,  272.880
493.975,  290.103,  296.211,  288.290
494.044,  298.523,  305.841,  300.210
494.114,  293.433,  297.931,  291.720
494.183,  316.723,  322.891,  315.670
494.253,  285.663,  291.331,  282.190
494.322,  257.963,  265.891,  257.110
494.392,  306.513,  314.711,  306.390
494.461,  272.533,  279.811,  274.250
494.530,  318.643,  322.571,  317.330
494.600,  292.463,  298.931,  289.700
494.669,  311.003,  317.701,  312.120
494.739,  275.273,  281.791,  276.500
494.808,  292.193,  298.061,  294.640
494.877,  293.913,  299.531,  290.530
494.947,  301.113,  304.741,  298.890
495.016,  285.803,  293.391,  284.650
495.085,  293.013,  298.801,  292.780
495.154,  292.383,  299.641,  289.340
495.224,  310.123,  310.961,  304.300
495.293,  279.263,  279.731,  272.100
495.362,  299.003,  300.011,  290.400
495.431,  296.813,  296.411,  285.810
495.501,  273.653,  270.071,  266.020
495.570,  269.983,  269.071,  258.590
495.639,  280.163,  280.971,  272.290
495.708,  294.953,  299.221,  287.310
495.777,  306.073,  301.171,  292.930
495.846,  315.483,  310.501,  302.080
495.915,  286.943,  277.521,  270.410
495.985,  312.783,  302.001,  296.150
496.054,  300.373,  282.441,  279.090
496.123,  298.643,  273.701,  265.600
496.192,  347.583,  321.111,  311.580
496.261,  301.823,  267.621,  263.260
496.330,  321.263,  289.731,  286.210
496.399,  311.223,  307.091,  298.580
496.468,  286.973,  286.731,  279.640
496.537,  295.943,  298.831,  292.260
496.606,  285.833,  292.011,  286.060
496.675,  288.263,  292.421,  283.300
496.744,  298.453,  304.651,  299.460
496.813,  272.403,  273.911,  271.310
496.882,  278.553,  285.291,  273.570
496.951,  259.463,  264.691,  256.120
497.020,  275.283,  278.901,  274.230
497.088,  285.613,  288.921,  284.140
497.157,  278.823,  282.521,  278.270
497.226,  288.113,  292.871,  286.920
497.295,  290.263,  296.781,  287.710
497.364,  273.433,  276.651,  270.900
497.433,  305.243,  309.681,  305.870
497.501,  292.783,  299.431,  289.410
497.570,  309.403,  313.901,  306.940
497.639,  294.753,  301.381,  296.500
497.708,  296.573,  304.931,  295.220
497.777,  278.503,  283.561,  276.120
497.845,  283.473,  286.731,  281.200
497.914,  288.873,  295.241,  287.290
497.983,  285.043,  290.711,  282.730
498.051,  278.913,  281.201,  277.960
498.120,  290.443,  294.081,  285.370
498.189,  279.403,  285.991,  280.050
498.257,  304.603,  310.466,  305.055
498.326,  329.803,  334.941,  330.060
498.395,  294.163,  296.411,  291.700
498.463,  275.483,  278.081,  275.050
498.532,  289.053,  292.811,  289.570
498.600,  295.933,  300.791,  294.240
498.669,  298.553,  299.831,  294.540
498.738,  295.163,  303.071,  295.420
498.806,  306.203,  306.721,  300.960
498.875,  312.903,  319.851,  311.380
498.943,  313.603,  321.511,  312.580
499.012,  306.333,  308.151,  300.650
499.080,  286.523,  295.611,  286.210
499.149,  280.603,  284.441,  276.140
499.217,  323.783,  328.081,  318.940
499.285,  294.713,  296.581,  290.970
499.354,  319.533,  326.731,  320.830
499.422,  298.893,  305.031,  298.460
499.491,  284.733,  291.011,  283.080
499.559,  268.733,  273.591,  268.870
499.628,  320.603,  327.461,  317.710
499.696,  292.853,  299.681,  289.930
499.764,  305.203,  305.881,  302.540
499.833,  323.713,  329.121,  321.360
499.901,  303.653,  305.301,  297.920
499.969,  299.733,  302.461,  293.490
500.037,  297.163,  302.611,  292.800
500.106,  333.323,  338.941,  329.210
500.174,  303.163,  308.571,  300.880
500.242,  316.163,  323.741,  312.240
500.311,  329.663,  335.551,  323.650
500.379,  299.643,  299.661,  297.310
500.447,  308.973,  316.461,  309.330
500.515,  292.243,  295.491,  290.460
500.583,  287.473,  289.081,  282.920
500.651,  340.753,  343.811,  338.710
500.720,  292.383,  291.751,  286.380
500.788,  345.423,  350.831,  340.970
500.856,  306.703,  312.671,  304.580
500.924,  313.483,  317.971,  311.890
500.992,  325.413,  327.711,  319.220
501.060,  314.313,  319.001,  312.970
501.128,  320.423,  320.731,  313.520
501.196,  303.153,  301.031,  298.560
501.264,  306.563,  309.631,  304.500
501.332,  326.363,  328.321,  318.980
501.400,  305.873,  307.361,  299.980
501.468,  322.823,  331.901,  320.320
501.536,  326.303,  332.411,  325.770
501.604,  285.823,  287.441,  279.600
501.672,  312.343,  317.011,  307.840
501.740,  287.073,  291.651,  279.450
501.808,  334.753,  333.231,  329.370
501.876,  296.453,  302.991,  295.840
501.944,  312.283,  314.281,  307.480
502.012,  318.033,  322.681,  313.280
502.080,  305.863,  302.701,  299.980
502.148,  321.693,  325.711,  316.990
502.215,  314.853,  312.921,  308.790
502.283,  305.563,  309.431,  303.900
502.351,  317.823,  317.261,  314.400
502.419,  318.033,  321.481,  312.660
502.487,  322.103,  322.541,  315.880
502.555,  312.583,  311.691,  306.400
502.622,  328.213,  327.721,  323.020
502.690,  305.833,  306.501,  303.210
502.758,  340.183,  337.991,  335.980
502.825,  312.413,  316.871,  309.910
502.893,  311.033,  313.491,  307.210
502.961,  310.473,  313.011,  305.810
503.029,  308.573,  311.831,  302.300
503.096,  325.803,  324.861,  320.530
503.164,  328.213,  328.511,  320.090
503.232,  338.783,  338.421,  331.590
503.299,  308.163,  304.371,  300.780
503.367,  327.363,  322.181,  318.070
503.434,  326.403,  325.551,  317.020
503.502,  304.153,  308.071,  296.720
503.569,  353.303,  357.511,  347.410
503.637,  353.023,  351.751,  345.280
503.705,  313.753,  311.341,  302.800
503.772,  331.413,  328.171,  320.850
503.840,  339.003,  338.791,  330.720
503.907,  314.033,  312.501,  304.340
503.975,  354.893,  349.351,  344.890
504.042,  310.313,  309.671,  296.310
504.109,  288.393,  284.141,  272.070
504.177,  321.563,  317.861,  310.380
504.244,  310.033,  304.501,  299.110
504.312,  348.973,  340.011,  331.620
504.379,  327.453,  319.231,  313.290
504.447,  341.783,  328.681,  322.420
504.514,  329.813,  319.361,  312.260
504.581,  329.283,  315.391,  303.530
504.649,  360.413,  341.381,  334.570
504.716,  361.063,  339.111,  333.460
504.783,  341.693,  313.511,  308.660
504.851,  335.863,  308.411,  299.530
504.918,  356.013,  321.831,  314.240
504.985,  348.803,  306.661,  300.530
505.052,  359.013,  316.171,  308.330
505.120,  372.073,  318.241,  311.750
505.187,  380.053,  323.711,  318.370
505.254,  368.423,  315.681,  305.850
505.321,  370.373,  304.781,  301.170
505.388,  396.533,  325.141,  315.370
505.456,  382.413,  308.821,  301.910
505.523,  393.683,  315.661,  311.280
505.590,  424.413,  347.341,  341.180
505.657,  392.903,  304.331,  298.540
505.724,  446.573,  354.171,  345.110
505.791,  420.813,  326.251,  319.760
505.858,  424.803,  319.331,  311.080
505.925,  431.043,  316.481,  306.620
505.993,  459.593,  331.091,  323.150
506.060,  461.983,  324.301,  312.710
506.127,  465.883,  313.121,  312.100
506.194,  481.483,  313.491,  307.770
506.261,  502.723,  310.461,  304.200
506.328,  561.083,  338.231,  329.910
506.395,  569.083,  306.901,  298.930
506.462,  621.343,  305.351,  297.720
506.529,  696.463,  318.481,  311.770
506.595,  794.973,  336.791,  328.060
506.662,  945.083,  322.751,  315.790
506.729, 1193.583,  303.391,  297.330
506.796, 1650.053,  309.601,  303.830
506.863, 2463.813,  341.011,  332.590
506.930, 3656.323,  339.361,  331.390
506.997, 6218.103,  301.461,  300.500
507.064,12129.693,  308.541,  299.260
507.130,22997.563,  346.851,  338.260
507.197,52768.102,  318.111,  310.900
507.264,40949.191,  312.371,  306.530
507.331, 2567.433,  351.841,  346.630
507.398,  915.783,  327.911,  321.500
507.464,  627.013,  343.581,  339.600
507.531,  493.933,  322.331,  316.340
507.598,  459.373,  326.061,  319.010
507.664,  434.583,  320.621,  314.770
507.731,  443.373,  347.741,  338.240
507.798,  429.353,  336.391,  330.440
507.865,  401.113,  323.251,  320.490
507.931,  372.573,  306.171,  301.350
507.998,  398.613,  335.591,  328.870
508.064,  390.223,  317.091,  307.260
508.131,  396.153,  329.041,  319.740
508.198,  387.933,  311.891,  308.050
508.264,  393.133,  317.031,  310.800
508.331,  377.223,  305.921,  299.750
508.397,  380.473,  299.951,  293.730
508.464,  415.883,  343.441,  335.980
508.530,  408.433,  333.531,  328.520
508.597,  360.313,  313.871,  305.960
508.663,  365.793,  325.651,  317.470
508.730,  396.373,  354.171,  347.600
508.796,  355.683,  313.311,  309.580
508.863,  392.113,  353.121,  346.630
508.929,  349.753,  314.511,  306.100
508.996,  348.793,  323.131,  312.860
509.062,  364.003,  333.931,  328.020
509.128,  369.723,  337.521,  329.060
509.195,  368.673,  342.831,  338.610
509.261,  332.673,  320.451,  316.680
509.328,  348.703,  338.871,  334.750
509.394,  345.793,  330.791,  327.140
509.460,  334.493,  326.161,  319.140
509.527,  351.203,  337.081,  333.700
509.593,  329.393,  315.051,  308.400
509.659,  313.113,  302.881,  296.530
509.725,  334.083,  324.881,  316.850
509.792,  339.863,  331.001,  322.080
509.858,  349.533,  338.741,  334.690
509.924,  342.903,  331.031,  325.950
509.990,  337.623,  324.611,  320.140
510.057,  346.413,  342.021,  330.200
510.123,  334.343,  323.571,  320.800
510.189,  338.613,  334.881,  329.250
510.255,  355.063,  343.581,  336.130
510.321,  334.373,  325.671,  319.050
510.387,  341.853,  335.181,  328.010
510.453,  337.683,  330.121,  321.190
510.520,  320.803,  313.271,  309.660
510.586,  343.543,  338.991,  334.710
510.652,  318.933,  309.581,  305.280
510.718,  321.903,  311.821,  306.050
510.784,  328.413,  320.331,  318.640
510.850,  338.313,  334.641,  322.840
510.916,  346.293,  340.851,  332.170
510.982,  342.493,  339.771,  327.560
511.048,  360.593,  352.061,  347.830
511.114,  335.413,  331.121,  323.640
511.180,  332.713,  331.641,  323.160
511.246,  334.903,  329.871,  324.270
511.312,  298.713,  297.181,  291.310
511.378,  301.133,  299.791,  293.930
511.443,  333.893,  326.371,  320.050
511.509,  340.493,  335.361,  330.140
511.575,  336.613,  331.421,  325.520
511.641,  338.103,  334.551,  327.180
511.707,  305.563,  300.821,  297.480
511.773,  336.363,  331.381,  323.440
511.839,  313.673,  309.121,  308.730
511.904,  310.153,  306.181,  301.770
511.970,  328.443,  324.661,  320.180
512.036,  332.563,  330.791,  324.110
512.102,  359.943,  354.561,  351.160
512.167,  336.953,  333.371,  325.560
512.233,  345.663,  348.121,  341.200
512.299,  336.893,  336.601,  330.290
512.365,  317.823,  315.591,  308.590
512.430,  327.073,  324.821,  314.770
512.496,  339.113,  338.021,  331.800
512.562,  347.353,  346.251,  338.680
512.627,  351.533,  351.591,  344.630
512.693,  314.183,  319.711,  307.270
512.758,  312.833,  315.161,  307.840
512.824,  348.853,  348.391,  343.060
512.890,  349.063,  351.581,  345.850
512.955,  340.933,  340.141,  333.660
513.021,  326.133,  328.211,  320.120
513.086,  327.103,  328.841,  323.940
513.152,  329.483,  330.401,  321.690
513.217,  324.883,  326.381,  319.510
513.283,  333.803,  336.291,  329.080
513.348,  314.063,  312.981,  310.380
513.414,  320.673,  320.941,  314.590
513.479,  352.103,  351.911,  341.150
513.545,  310.143,  311.021,  304.300
513.610,  316.883,  321.411,  315.150
513.675,  353.013,  352.291,  347.060
513.741,  332.243,  332.261,  328.140
513.806,  333.163,  335.001,  327.040
513.872,  316.603,  318.561,  313.180
513.937,  332.933,  336.441,  328.360
514.002,  336.603,  337.201,  330.820
514.068,  334.973,  333.511,  330.170
514.133,  340.583,  342.751,  338.440
514.198,  346.633,  345.951,  343.250
514.263,  352.793,  353.961,  347.560
514.329,  336.653,  337.431,  333.230
514.394,  303.893,  305.221,  299.050
514.459,  333.533,  332.761,  331.550
514.524,  327.753,  330.361,  321.940
514.590,  336.023,  338.421,  331.480
514.655,  360.043,  361.551,  358.080
514.720,  360.013,  364.951,  357.130
514.785,  340.533,  342.381,  333.820
514.850,  348.303,  353.661,  346.030
514.916,  362.193,  364.921,  358.260
514.981,  329.633,  327.861,  320.930
515.046,  330.983,  330.891,  322.830
515.111,  337.203,  336.681,  330.880
515.176,  337.613,  331.961,  325.410
515.241,  339.233,  337.031,  329.920
515.306,  312.803,  315.371,  303.850
515.371,  336.363,  339.781,  332.470
515.436,  331.753,  334.061,  326.910
515.501,  351.323,  354.411,  349.360
515.566,  321.463,  328.891,  321.870
515.631,  325.583,  329.211,  320.740
515.696,  344.593,  347.071,  340.100
515.761,  330.723,  331.101,  328.960
515.826,  353.473,  360.531,  349.510
515.891,  349.153,  352.741,  346.200
515.956,  344.813,  347.831,  341.180
516.021,  329.703,  330.961,  323.140
516.086,  324.583,  324.731,  320.100
516.150,  330.253,  330.871,  328.120
516.215,  341.343,  341.041,  334.710
516.280,  333.633,  337.091,  330.440
516.345,  315.313,  321.851,  313.980
516.410,  332.713,  335.301,  331.640
516.475,  334.533,  336.811,  327.710
516.539,  325.363,  331.381,  321.250
516.604,  324.093,  331.501,  322.270
516.669,  351.723,  356.941,  351.420
516.734,  314.153,  318.831,  311.960
516.798,  302.783,  307.781,  305.150
516.863,  331.893,  337.311,  330.720
516.928,  320.873,  325.241,  318.020
516.992,  337.333,  338.671,  337.610
517.057,  332.223,  339.791,  330.940
517.122,  322.303,  324.761,  317.310
517.186,  330.513,  333.931,  328.540
517.251,  329.803,  335.201,  331.020
517.315,  325.193,  333.451,  323.750
517.380,  325.923,  330.271,  320.530
517.445,  333.003,  337.431,  328.160
517.509,  309.363,  316.411,  308.390
517.574,  318.813,  323.521,  319.890
517.638,  334.833,  339.881,  333.140
517.703,  301.723,  308.461,  300.910
517.767,  316.693,  322.301,  315.630
517.832,  324.983,  328.001,  323.320
517.896,  321.233,  328.061,  319.680
517.961,  347.843,  350.851,  345.480
518.025,  301.173,  302.261,  300.520
518.090,  337.583,  343.071,  333.480
518.154,  324.883,  331.691,  321.880
518.218,  328.503,  329.301,  329.310
518.283,  328.263,  333.251,  322.230
518.347,  311.853,  311.611,  309.270
518.412,  331.283,  337.391,  327.170
518.476,  327.463,  332.641,  323.730
518.540,  350.323,  354.081,  342.920
518.605,  312.393,  317.061,  308.000
518.669,  305.873,  313.491,  302.930
518.733,  335.763,  340.291,  334.330
518.797,  334.343,  335.681,  331.680
518.862,  355.573,  361.371,  354.310
518.926,  331.123,  335.281,  328.110
518.990,  315.383,  320.291,  314.530
519.054,  333.943,  339.231,  332.790
519.119,  323.093,  327.611,  322.350
519.183,  328.553,  333.461,  323.150
519.247,  334.283,  339.301,  332.690
519.311,  333.763,  339.821,  333.340
519.375,  346.463,  352.631,  345.260
519.439,  295.443,  302.921,  297.610
519.503,  328.243,  334.051,  325.310
519.568,  336.913,  343.221,  334.470
519.632,  344.643,  347.661,  343.940
519.696,  340.553,  344.181,  336.140
519.760,  338.103,  344.101,  334.700
519.824,  343.593,  348.671,  344.670
519.888,  331.693,  337.471,  330.290
519.952,  337.063,  342.071,  337.640
520.016,  344.523,  352.451,  343.620
520.080,  336.723,  343.611,  333.490
520.144,  342.413,  352.731,  342.140
520.208,  338.003,  347.501,  339.030
520.272,  311.033,  316.661,  310.310
520.336,  320.853,  323.291,  319.030
520.399,  367.193,  370.571,  363.700
520.463,  326.723,  332.261,  325.930
520.527,  342.483,  346.411,  342.010
520.591,  349.563,  356.271,  347.110
520.655,  338.953,  344.171,  336.970
520.719,  335.803,  337.391,  333.340
520.783,  374.643,  379.791,  371.780
520.846,  337.533,  343.621,  335.350
520.910,  356.353,  362.131,  354.860
520.974,  360.103,  366.511,  356.860
521.038,  334.433,  342.841,  333.780
521.101,  314.103,  318.191,  311.620
521.165,  334.703,  339.621,  333.100
521.229,  341.303,  348.831,  340.540
521.293,  355.833,  358.771,  351.420
521.356,  356.773,  359.591,  354.610
521.420,  363.763,  367.801,  358.040
521.484,  339.523,  342.881,  339.830
521.547,  349.323,  355.821,  349.190
521.611,  325.693,  330.431,  326.060
521.674,  346.963,  353.211,  348.110
521.738,  316.493,  322.261,  314.740
521.802,  342.283,  345.371,  339.780
521.865,  348.763,  357.441,  349.090
521.929,  339.383,  345.641,  342.310
521.992,  334.003,  339.961,  332.780
522.056,  343.943,  351.311,  343.430
522.119,  335.793,  343.821,  336.220
522.183,  368.633,  374.861,  371.000
522.246,  353.573,  363.131,  354.610
522.310,  330.703,  335.401,  326.330
522.373,  360.493,  368.641,  362.090
522.437,  316.013,  323.521,  317.680
522.500,  344.763,  350.601,  341.390
522.563,  361.893,  365.531,  359.350
522.627,  363.163,  374.751,  364.290
522.690,  351.283,  354.621,  350.550
522.754,  347.183,  352.891,  346.080
522.817,  359.833,  363.111,  355.090
522.880,  342.843,  349.631,  342.080
522.944,  344.343,  352.151,  344.730
523.007,  356.363,  362.931,  355.830
523.070,  350.253,  359.271,  350.670
523.133,  323.783,  327.241,  321.280
523.197,  362.343,  366.961,  360.510
523.260,  353.733,  360.491,  352.050
523.323,  337.163,  344.481,  334.980
523.386,  381.853,  385.271,  380.370
523.450,  357.093,  360.511,  354.350
523.513,  367.523,  369.861,  366.660
523.576,  348.963,  355.501,  349.950
523.639,  323.443,  328.701,  322.270
523.702,  359.743,  365.961,  359.420
523.765,  350.553,  355.041,  347.480
523.829,  362.253,  364.211,  361.300
523.892,  356.473,  359.521,  352.090
523.955,  340.773,  344.511,  336.850
524.018,  353.963,  363.091,  353.020
524.081,  357.173,  365.041,  354.930
524.144,  353.003,  357.641,  352.420
524.207,  349.443,  354.761,  349.950
524.270,  348.633,  356.511,  347.580
524.333,  367.073,  375.781,  365.820
524.396,  340.363,  349.601,  343.210
524.459,  363.063,  368.881,  366.180
524.522,  370.733,  374.771,  372.000
524.585,  356.573,  365.251,  358.030
524.648,  340.493,  346.801,  335.650
524.711,  348.833,  355.821,  346.830
524.773,  330.003,  335.571,  330.230
524.836,  350.773,  359.981,  348.890
524.899,  361.613,  368.461,  363.570
524.962,  350.503,  356.491,  350.350
525.025,  346.123,  352.211,  344.110
525.088,  351.113,  354.321,  350.970
525.151,  375.563,  378.821,  371.960
525.213,  353.403,  361.951,  352.240
525.276,  342.743,  350.701,  342.260
525.339,  348.473,  354.271,  350.100
525.402,  327.423,  334.841,  326.290
525.464,  365.613,  373.261,  364.150
525.527,  322.223,  327.991,  322.060
525.590,  331.733,  338.391,  330.520
525.652,  322.953,  324.231,  318.580
525.715,  324.043,  330.561,  322.190
525.778,  330.473,  338.681,  328.230
525.840,  299.463,  305.491,  297.090
525.903,  336.313,  338.671,  331.390
525.966,  346.523,  354.751,  346.270
526.028,  315.323,  323.441,  317.960
526.091,  328.353,  337.591,  328.740
526.153,  319.023,  323.541,  318.550
526.216,  342.673,  347.941,  341.130
526.278,  349.553,  356.581,  345.290
526.341,  327.593,  333.641,  327.690
526.404,  332.463,  337.851,  331.050
526.466,  345.993,  355.581,  344.870
526.528,  331.113,  338.491,  329.460
526.591,  346.873,  349.981,  345.300
526.653,  325.283,  330.921,  322.280
526.716,  306.783,  312.911,  305.910
526.778,  324.133,  331.531,  326.340
526.841,  359.523,  363.241,  357.600
526.903,  304.143,  306.941,  305.710
526.965,  340.043,  344.771,  333.960
527.028,  329.713,  337.391,  326.780
527.090,  330.553,  336.031,  328.660
527.152,  301.853,  307.611,  303.860
527.215,  343.103,  349.621,  343.160
527.277,  347.083,  353.691,  347.310
527.339,  352.203,  357.831,  348.250
527.402,  337.373,  345.511,  335.700
527.464,  338.753,  343.081,  336.460
527.526,  340.453,  346.971,  338.770
527.588,  356.443,  359.221,  353.300
527.651,  335.393,  338.631,  332.840
527.713,  317.683,  323.001,  315.250
527.775,  321.203,  326.031,  320.970
527.837,  327.773,  331.121,  327.030
527.899,  356.253,  359.171,  352.440
527.961,  327.523,  331.851,  327.080
528.023,  336.543,  339.301,  333.040
528.086,  357.983,  366.241,  358.720
528.148,  342.273,  347.791,  339.010
528.210,  339.113,  345.081,  336.510
528.272,  329.613,  332.111,  330.270
528.334,  355.883,  362.101,  355.930
528.396,  346.403,  355.171,  346.770
528.458,  340.263,  350.491,  344.240
528.520,  364.243,  372.201,  361.430
528.582,  345.643,  347.371,  342.810
528.644,  315.043,  321.361,  317.160
528.706,  350.363,  357.921,  351.500
528.768,  318.223,  321.871,  315.470
528.830,  365.763,  369.931,  361.700
528.892,  365.323,  370.421,  359.810
528.953,  336.703,  341.631,  335.550
529.015,  377.453,  385.791,  376.330
529.077,  351.343,  358.751,  353.250
529.139,  342.473,  349.791,  341.860
529.201,  357.353,  365.231,  358.100
529.263,  339.083,  344.611,  338.340
529.325,  366.713,  367.601,  364.000
529.386,  344.203,  350.701,  337.680
529.448,  351.063,  353.431,  348.930
529.510,  368.003,  374.341,  362.800
529.572,  336.123,  340.821,  340.840
529.633,  361.043,  366.731,  361.660
529.695,  373.323,  378.551,  371.710
529.757,  317.003,  325.751,  316.690
529.818,  351.503,  357.201,  348.600
529.880,  335.613,  337.621,  330.190
529.942,  367.173,  367.561,  360.910
530.003,  357.513,  357.351,  348.630
530.065,  357.773,  351.861,  349.160
530.127,  372.473,  358.601,  351.550
530.188,  373.433,  350.191,  342.550
530.250,  400.393,  360.981,  356.800
530.311,  453.033,  357.581,  348.850
530.373,  434.483,  359.101,  353.140
530.435,  369.273,  361.791,  358.030
530.496,  371.183,  363.521,  358.320
530.558,  345.573,  338.901,  326.940
530.619,  403.073,  377.261,  371.280
530.681,  397.453,  354.631,  345.470
530.742,  352.063,  347.111,  338.710
530.803,  374.573,  371.521,  369.620
530.865,  347.423,  344.181,  338.770
530.926,  354.173,  334.041,  328.970
530.988,  388.713,  371.541,  365.540
531.049,  351.093,  354.331,  347.740
531.110,  361.373,  371.411,  360.180
531.172,  344.713,  349.271,  338.110
531.233,  325.183,  330.951,  322.750
531.295,  351.203,  357.691,  349.250
531.356,  353.843,  360.291,  352.200
531.417,  372.193,  380.921,  372.180
531.478,  352.313,  358.481,  349.210
531.540,  367.413,  369.921,  366.170
531.601,  343.433,  349.281,  342.470
531.662,  334.893,  340.701,  336.250
531.723,  352.243,  359.591,  350.160
531.785,  342.133,  349.491,  342.340
531.846,  353.863,  363.221,  354.720
531.907,  358.443,  361.721,  355.350
531.968,  311.773,  316.371,  309.760
532.029,  353.063,  358.851,  350.800
532.090,  383.963,  392.491,  382.360
532.152,  348.833,  352.981,  349.150
532.213,  349.603,  355.571,  349.470
532.274,  365.063,  366.571,  360.290
532.335,  354.493,  362.981,  353.950
532.396,  380.043,  387.771,  377.480
532.457,  315.513,  322.951,  312.120
532.518,  344.413,  351.151,  341.600
532.579,  361.263,  366.521,  360.480
532.640,  345.683,  348.621,  343.500
532.701,  363.803,  365.921,  357.840
532.762,  367.823,  374.011,  365.800
532.823,  333.283,  335.171,  329.570
532.884,  346.703,  354.671,  343.720
532.945,  365.233,  368.641,  359.320
533.006,  358.513,  364.761,  353.090
533.067,  352.543,  359.511,  353.040
533.127,  339.033,  344.071,  340.220
533.188,  366.623,  374.741,  364.160
533.249,  336.313,  344.231,  334.220
533.310,  338.533,  344.921,  336.330
533.371,  360.653,  368.251,  362.310
533.432,  345.033,  351.811,  342.960
533.492,  347.113,  357.471,  347.060
533.553,  346.873,  352.841,  343.800
533.614,  351.413,  359.701,  351.080
533.675,  383.793,  390.741,  381.930
533.735,  367.633,  373.821,  365.760
533.796,  357.623,  364.441,  357.120
533.857,  350.873,  359.311,  349.280
533.917,  346.593,  354.091,  346.050
533.978,  362.223,  368.291,  360.790
534.039,  343.203,  347.731,  340.870
534.099,  350.473,  356.631,  351.330
534.160,  376.353,  384.771,  377.880
534.221,  373.133,  381.031,  373.950
534.281,  354.323,  362.211,  354.690
534.342,  328.803,  333.151,  326.130
534.402,  356.293,  363.961,  356.590
534.463,  362.853,  364.411,  359.570
534.523,  363.343,  368.541,  360.680
534.584,  386.943,  394.001,  387.310
534.644,  355.393,  357.251,  353.140
534.705,  382.563,  384.351,  380.020
534.765,  348.753,  359.141,  350.110
534.826,  345.633,  348.071,  341.460
534.886,  363.553,  372.971,  360.860
534.947,  372.273,  377.451,  369.630
535.007,  337.773,  348.211,  338.260
535.068,  368.313,  376.321,  366.710
535.128,  362.443,  372.441,  357.090
535.188,  352.633,  356.891,  351.160
535.249,  353.493,  361.211,  353.040
535.309,  369.393,  373.031,  365.480
535.369,  352.923,  362.781,  353.660
535.430,  373.273,  378.421,  370.470
535.490,  363.643,  369.081,  363.040
535.550,  362.643,  367.921,  361.250
535.610,  365.103,  365.821,  358.610
535.671,  356.463,  360.141,  349.560
535.731,  370.393,  380.371,  371.190
535.791,  361.263,  373.681,  361.370
535.851,  368.013,  375.131,  367.980
535.911,  358.323,  365.981,  356.590
535.972,  360.233,  366.721,  357.880
536.032,  378.573,  386.671,  376.790
536.092,  339.563,  345.301,  340.390
536.152,  365.313,  370.401,  362.310
536.212,  354.403,  361.861,  349.550
536.272,  370.093,  373.711,  370.290
536.332,  368.073,  373.081,  366.790
536.392,  342.053,  348.251,  340.020
536.452,  365.903,  375.051,  366.490
536.512,  372.933,  375.681,  368.290
536.572,  354.393,  361.791,  353.580
536.632,  413.123,  420.311,  413.800
536.692,  377.123,  384.611,  377.810
536.752,  350.893,  353.651,  347.360
536.812,  381.923,  387.471,  377.670
536.872,  355.313,  361.641,  355.480
536.932,  326.203,  332.781,  321.330
536.992,  369.533,  376.781,  367.730
537.052,  349.623,  355.151,  349.590
537.112,  370.733,  376.841,  369.670
537.172,  351.403,  358.211,  350.370
537.232,  349.703,  360.391,  349.270
537.291,  376.263,  386.241,  375.700
537.351,  359.773,  366.161,  359.240
537.411,  374.813,  381.481,  374.290
537.471,  329.653,  338.061,  330.060
537.531,  336.383,  342.871,  336.750
537.590,  368.123,  376.071,  367.930
537.650,  341.113,  348.341,  338.430
537.710,  388.423,  397.151,  385.360
537.769,  350.903,  359.021,  349.950
537.829,  338.833,  342.721,  336.750
537.889,  338.133,  343.721,  336.910
537.948,  329.973,  334.421,  331.300
538.008,  353.643,  360.871,  349.410
538.068,  350.573,  361.501,  351.950
538.127,  366.193,  368.481,  359.640
538.187,  362.383,  366.771,  359.660
538.247,  362.643,  370.571,  364.360
538.306,  369.643,  376.151,  369.550
538.366,  345.623,  354.571,  344.640
538.425,  336.363,  342.641,  335.190
538.485,  354.463,  361.031,  351.430
538.544,  353.833,  361.801,  352.710
538.604,  352.803,  361.181,  349.400
538.663,  367.183,  370.171,  362.640
538.723,  354.483,  364.851,  354.250
538.782,  340.263,  346.981,  339.150
538.842,  358.843,  367.951,  359.680
538.901,  334.663,  342.151,  332.390
538.960,  365.213,  372.261,  364.100
539.020,  324.953,  331.441,  325.000
539.079,  348.793,  358.531,  348.170
539.139,  363.693,  372.901,  365.410
539.198,  349.683,  358.111,  349.340
539.257,  358.423,  362.861,  354.280
539.317,  371.503,  375.931,  368.990
539.376,  344.093,  350.681,  339.310
539.435,  373.993,  380.021,  372.270
539.494,  331.333,  334.901,  326.420
539.554,  376.263,  382.631,  375.620
539.613,  389.723,  393.711,  386.320
539.672,  369.793,  368.461,  360.990
539.731,  384.393,  381.291,  375.720
539.790,  366.393,  374.061,  363.730
539.850,  374.323,  382.511,  371.240
539.909,  370.373,  375.241,  369.060
539.968,  363.753,  366.461,  359.340
540.027,  369.663,  372.471,  367.870
540.086,  377.373,  381.961,  372.840
540.145,  391.273,  398.041,  389.730
540.204,  375.313,  381.981,  377.570
540.263,  357.563,  360.041,  350.160
540.322,  392.743,  398.631,  391.910
540.382,  360.503,  366.161,  359.430
540.441,  374.593,  384.761,  379.680
540.500,  374.743,  383.831,  376.550
540.559,  374.823,  377.751,  372.460
540.617,  386.483,  390.791,  389.610
540.676,  371.623,  378.551,  372.740
540.735,  360.503,  364.821,  356.640
540.794,  385.683,  391.931,  387.320
540.853,  360.863,  370.011,  361.760
540.912,  374.523,  380.411,  374.480
540.971,  397.693,  406.321,  399.860
541.030,  373.403,  377.641,  369.830
541.089,  368.363,  377.411,  370.140
541.148,  405.483,  412.671,  405.380
541.206,  374.653,  381.891,  373.230
541.265,  405.793,  412.381,  405.420
541.324,  378.993,  387.561,  379.260

